  2   0.301524          0
  3   0.161436          0
  4   0.101739          0
  5  0.0708031          0
  6  0.0514456          0
  7  0.0389445          0
  8   0.030711          0
  9   0.024513          0
 10   0.020208          0
 11  0.0168885          0
 12   0.014505          0
 13   0.012534          0
 14  0.0105945          0
 15 0.00912451          0
 16 0.00831301          0
 17 0.00734851          0
 18 0.00660901 2.99999e-06
 19 0.00576151 8.99998e-06
 20 0.00534451 8.99998e-06
 21   0.004776    1.2e-05
 22   0.004311    1.2e-05
 23  0.0039315    1.5e-05
 24  0.0038655 4.49999e-05
 25   0.003258 5.99999e-05
 26   0.003039 8.09998e-05
 27   0.002838   0.000165
 28   0.002805 0.000251999
 29  0.0025455 0.000470999
 30  0.0023505 0.000770998
 31   0.002169   0.001218
 32   0.002157   0.001845
 33   0.001893 0.00258599
 34  0.0018255 0.00375299
 35  0.0017115 0.00513299
 36  0.0016335 0.00710399
 37   0.001539 0.00908998
 38   0.001479   0.011802
 39   0.001368   0.015459
 40  0.0012735   0.018396
 41  0.0013515   0.022572
 42  0.0011775  0.0265739
 43  0.0010575  0.0296069
 44   0.001053  0.0350909
 45 0.000976501  0.0383039
 46 0.000948001  0.0416309
 47 0.000945001  0.0445169
 48 0.000906001  0.0464879
 49 0.000876001  0.0488609
 50 0.000789001  0.0498899
 51 0.000777001  0.0497549
 52 0.000802501  0.0492869
 53 0.000712501  0.0481139
 54 0.000690001  0.0453329
 55 0.000685501  0.0425519
 56 0.000693001  0.0403169
 57 0.000681001  0.0372989
 58 0.000628501  0.0336419
 59 0.000619501  0.0305579
 60 0.000576001  0.0270329
 61 0.000570001   0.023307
 62 0.000583501    0.02085
 63 0.000523501   0.017235
 64   0.000486   0.014784
 65 0.000519001   0.012108
 66  0.0004665 0.00980398
 67   0.000465 0.00789598
 68  0.0004485 0.00641099
 69  0.0004335 0.00502799
 70  0.0003765 0.00412499
 71   0.000414 0.00328499
 72   0.000384 0.00255599
 73  0.0004005    0.00186
 74    0.00039    0.00141
 75   0.000375   0.001026
 76  0.0003075 0.000707999
 77   0.000339 0.000632999
 78   0.000345 0.000422999
 79  0.0003465 0.000272999
 80   0.000339    0.00018
 81   0.000288   0.000144
 82  0.0002655 8.09998e-05
 83     0.0003 6.29999e-05
 84   0.000291 4.19999e-05
 85   0.000285 2.99999e-05
 86  0.0002955 8.99998e-06
 87  0.0002805 5.99999e-06
 88   0.000297 2.99999e-06
 89  0.0002235 2.99999e-06
 90  0.0002355          0
 91   0.000255 2.99999e-06
 92  0.0002325          0
 93    0.00024          0
 94   0.000222          0
 95  0.0002355          0
 96  0.0002295          0
 97  0.0002325          0
 98   0.000252          0
 99  0.0001965          0
100  0.0002415          0
101   0.000219          0
102  0.0002175          0
103  0.0001845          0
104   0.000183          0
105  0.0001725          0
106   0.000162          0
107  0.0001665          0
108   0.000177          0
109  0.0001425          0
110  0.0001665          0
111  0.0001335          0
112  0.0001725          0
113  0.0001635          0
114    0.00018          0
115  0.0001365          0
116  0.0001605          0
117  0.0001635          0
118   0.000132          0
119   0.000135          0
120  0.0001485          0
121   0.000156          0
122   0.000138          0
123   0.000126          0
124   0.000147          0
125  0.0001185          0
126   0.000123          0
127  0.0001305          0
128  0.0001365          0
129  0.0001575          0
130  0.0001065          0
131  0.0001065          0
132  0.0001095          0
133  0.0001215          0
134 9.60001e-05          0
135  0.0001125          0
136  0.0001185          0
137   0.000117          0
138   0.000111          0
139   0.000105          0
140  0.0001035          0
141  0.0001005          0
142 9.30001e-05          0
143  0.0001215          0
144 8.55001e-05          0
145 8.70001e-05          0
146 9.45001e-05          0
147  0.0001035          0
148 9.15001e-05          0
149 9.75001e-05          0
150  0.0001005          0
151  0.0001065          0
152   0.000105          0
153 9.75001e-05          0
154 8.10001e-05          0
155 8.70001e-05          0
156 9.30001e-05          0
157 7.80001e-05          0
158 7.05001e-05          0
159 8.55001e-05          0
160 7.80001e-05          0
161 6.60001e-05          0
162 7.80001e-05          0
163 9.30001e-05          0
164 7.05001e-05          0
165 8.70001e-05          0
166 8.40001e-05          0
167 7.35001e-05          0
168 7.50001e-05          0
169 8.55001e-05          0
170 7.80001e-05          0
171 7.50001e-05          0
172 6.60001e-05          0
173 7.05001e-05          0
174 7.65001e-05          0
175 7.50001e-05          0
176 6.15001e-05          0
177 6.15001e-05          0
178 7.05001e-05          0
179 8.55001e-05          0
180 6.45001e-05          0
181 7.35001e-05          0
182 6.60001e-05          0
183 7.20001e-05          0
184 7.95001e-05          0
185 6.00001e-05          0
186 6.45001e-05          0
187 6.30001e-05          0
188 6.00001e-05          0
189   4.95e-05          0
190 5.40001e-05          0
191 6.60001e-05          0
192 6.90001e-05          0
193 5.25001e-05          0
194 5.85001e-05          0
195    4.2e-05          0
196   4.95e-05          0
197 5.40001e-05          0
198 5.10001e-05          0
199    4.8e-05          0
200 6.30001e-05          0
201 5.70001e-05          0
202 5.70001e-05          0
203   4.35e-05          0
204    4.2e-05          0
205   4.35e-05          0
206    3.6e-05          0
207 5.10001e-05          0
208   3.75e-05          0
209    3.9e-05          0
210   2.55e-05          0
211    4.8e-05          0
212    4.8e-05          0
213   4.05e-05          0
214   4.35e-05          0
215    4.5e-05          0
216    4.8e-05          0
217    3.6e-05          0
218 5.40001e-05          0
219    3.6e-05          0
220   4.35e-05          0
221 5.85001e-05          0
222 5.40001e-05          0
223   4.65e-05          0
224   3.75e-05          0
225      3e-05          0
226   4.05e-05          0
227      3e-05          0
228    3.6e-05          0
229   3.15e-05          0
230    3.6e-05          0
231   3.15e-05          0
232    3.9e-05          0
233   3.75e-05          0
234   4.65e-05          0
235      3e-05          0
236    2.7e-05          0
237    2.4e-05          0
238   3.75e-05          0
239    2.7e-05          0
240    3.6e-05          0
241   3.15e-05          0
242    3.6e-05          0
243    3.3e-05          0
244      3e-05          0
245    3.3e-05          0
246   3.15e-05          0
247   3.45e-05          0
248   3.45e-05          0
249    3.6e-05          0
250    2.4e-05          0
251    3.3e-05          0
252   3.45e-05          0
253   3.15e-05          0
254      3e-05          0
255    4.2e-05          0
256   3.45e-05          0
257   2.85e-05          0
258    2.1e-05          0
259      3e-05          0
260   2.55e-05          0
261    3.3e-05          0
262    2.1e-05          0
263    2.1e-05          0
264   2.25e-05          0
265   3.45e-05          0
266   3.15e-05          0
267      3e-05          0
268      3e-05          0
269    1.8e-05          0
270    2.4e-05          0
271    2.7e-05          0
272   4.05e-05          0
273   3.45e-05          0
274   4.05e-05          0
275    2.1e-05          0
276   2.55e-05          0
277    3.3e-05          0
278    3.3e-05          0
279    2.7e-05          0
280   2.85e-05          0
281    2.1e-05          0
282    1.8e-05          0
283   1.95e-05          0
284    2.1e-05          0
285   2.55e-05          0
286    2.7e-05          0
287    2.4e-05          0
288    2.4e-05          0
289   1.65e-05          0
290    2.4e-05          0
291   2.85e-05          0
292   1.65e-05          0
293    3.3e-05          0
294   2.55e-05          0
295      3e-05          0
296    2.4e-05          0
297   2.55e-05          0
298   2.25e-05          0
299   1.95e-05          0
300    2.1e-05          0
301    2.4e-05          0
302   2.55e-05          0
303    2.1e-05          0
304   1.35e-05          0
305    1.5e-05          0
306    2.1e-05          0
307   3.15e-05          0
308    2.1e-05          0
309    2.7e-05          0
310    1.8e-05          0
311    1.2e-05          0
312    2.1e-05          0
313   3.15e-05          0
314    1.2e-05          0
315   1.35e-05          0
316    1.2e-05          0
317   1.05e-05          0
318   1.95e-05          0
319   2.25e-05          0
320    1.8e-05          0
321   2.25e-05          0
322    1.5e-05          0
323    1.5e-05          0
324   2.25e-05          0
325    2.4e-05          0
326    1.8e-05          0
327    1.2e-05          0
328   1.95e-05          0
329    1.5e-05          0
330    2.7e-05          0
331    1.2e-05          0
332   1.95e-05          0
333   2.25e-05          0
334   2.55e-05          0
335    1.5e-05          0
336    2.4e-05          0
337    1.8e-05          0
338    1.8e-05          0
339    1.8e-05          0
340   1.35e-05          0
341    2.1e-05          0
342    1.5e-05          0
343   1.35e-05          0
344   2.25e-05          0
345   1.95e-05          0
346    2.4e-05          0
347    1.8e-05          0
348   1.95e-05          0
349   2.25e-05          0
350    4.5e-06          0
351    2.1e-05          0
352   1.95e-05          0
353   1.35e-05          0
354    1.2e-05          0
355   2.25e-05          0
356 7.50001e-06          0
357 6.00001e-06          0
358    2.4e-05          0
359   1.95e-05          0
360    2.1e-05          0
361    1.2e-05          0
362   1.95e-05          0
363    1.5e-05          0
364   2.25e-05          0
365   1.35e-05          0
366 7.50001e-06          0
367    1.5e-05          0
368   1.65e-05          0
369    1.5e-05          0
370    1.2e-05          0
371   1.35e-05          0
372    1.8e-05          0
373   1.95e-05          0
374   2.25e-05          0
375   1.35e-05          0
376   1.35e-05          0
377   1.35e-05          0
378 6.00001e-06          0
379   1.95e-05          0
380    1.5e-05          0
381 9.00001e-06          0
382 7.50001e-06          0
383    2.4e-05          0
384   1.65e-05          0
385   1.35e-05          0
386    1.8e-05          0
387 9.00001e-06          0
388   1.95e-05          0
389   1.05e-05          0
390 9.00001e-06          0
391    1.5e-05          0
392   1.05e-05          0
393    1.2e-05          0
394   1.05e-05          0
395    1.5e-05          0
396   1.65e-05          0
397   1.65e-05          0
398   1.05e-05          0
399    1.8e-05          0
400    1.2e-05          0
401   1.05e-05          0
402 6.00001e-06          0
403   1.05e-05          0
404    1.5e-05          0
405 7.50001e-06          0
406    1.2e-05          0
407   1.35e-05          0
408   1.05e-05          0
409   1.65e-05          0
410    1.2e-05          0
411   1.35e-05          0
412    4.5e-06          0
413    1.8e-05          0
414 7.50001e-06          0
415 7.50001e-06          0
416   1.35e-05          0
417   1.65e-05          0
418 9.00001e-06          0
419   1.05e-05          0
420 9.00001e-06          0
421   1.05e-05          0
422   1.35e-05          0
423      3e-06          0
424    1.5e-05          0
425    1.2e-05          0
426   1.05e-05          0
427   1.95e-05          0
428 6.00001e-06          0
429   2.25e-05          0
430   1.35e-05          0
431    1.5e-05          0
432 9.00001e-06          0
433    1.2e-05          0
434   1.35e-05          0
435   1.65e-05          0
436    1.2e-05          0
437    1.5e-05          0
438   1.35e-05          0
439    1.2e-05          0
440    1.2e-05          0
441   1.35e-05          0
442    4.5e-06          0
443   1.35e-05          0
444   1.05e-05          0
445    1.2e-05          0
446 6.00001e-06          0
447    1.2e-05          0
448   1.05e-05          0
449 7.50001e-06          0
450 9.00001e-06          0
451 6.00001e-06          0
452    4.5e-06          0
453 6.00001e-06          0
454 9.00001e-06          0
455   1.05e-05          0
456   1.05e-05          0
457   1.65e-05          0
458   1.35e-05          0
459 9.00001e-06          0
460   1.35e-05          0
461   1.65e-05          0
462 9.00001e-06          0
463 6.00001e-06          0
464    1.2e-05          0
465    1.2e-05          0
466    1.2e-05          0
467 9.00001e-06          0
468 7.50001e-06          0
469 6.00001e-06          0
470    4.5e-06          0
471    1.2e-05          0
472 7.50001e-06          0
473   1.05e-05          0
474 9.00001e-06          0
475    1.8e-05          0
476    4.5e-06          0
477 6.00001e-06          0
478    4.5e-06          0
479 6.00001e-06          0
480 7.50001e-06          0
481    1.2e-05          0
482   1.35e-05          0
483 9.00001e-06          0
484 6.00001e-06          0
485   1.05e-05          0
486      3e-06          0
487    4.5e-06          0
488 7.50001e-06          0
489   1.05e-05          0
490 9.00001e-06          0
491 6.00001e-06          0
492 7.50001e-06          0
493   1.35e-05          0
494    1.2e-05          0
495 7.50001e-06          0
496 6.00001e-06          0
497 7.50001e-06          0
498    1.2e-05          0
499    1.2e-05          0
500 7.50001e-06          0
501 6.00001e-06          0
502    4.5e-06          0
503   1.05e-05          0
504      3e-06          0
505 7.50001e-06          0
506      3e-06          0
507      3e-06          0
508   1.05e-05          0
509   1.05e-05          0
510      3e-06          0
511    4.5e-06          0
512 7.50001e-06          0
513 9.00001e-06          0
514 9.00001e-06          0
515 6.00001e-06          0
516 6.00001e-06          0
517 9.00001e-06          0
518   1.35e-05          0
519    4.5e-06          0
520 7.50001e-06          0
521 6.00001e-06          0
522 9.00001e-06          0
523    4.5e-06          0
524 9.00001e-06          0
525 6.00001e-06          0
526 7.50001e-06          0
527    1.2e-05          0
528    1.5e-06          0
529 6.00001e-06          0
530    4.5e-06          0
531 6.00001e-06          0
532 9.00001e-06          0
533      3e-06          0
534 6.00001e-06          0
535    4.5e-06          0
536    4.5e-06          0
537    1.2e-05          0
538 9.00001e-06          0
539    4.5e-06          0
540 6.00001e-06          0
541    4.5e-06          0
542    1.5e-06          0
543    4.5e-06          0
544      3e-06          0
545      3e-06          0
546 7.50001e-06          0
547 7.50001e-06          0
548 9.00001e-06          0
549 7.50001e-06          0
550      3e-06          0
551 7.50001e-06          0
552 9.00001e-06          0
553      3e-06          0
554   1.35e-05          0
555 6.00001e-06          0
556 7.50001e-06          0
557   1.05e-05          0
558    1.5e-06          0
559    4.5e-06          0
560 7.50001e-06          0
561      3e-06          0
562 6.00001e-06          0
563    1.5e-06          0
564    1.2e-05          0
565    4.5e-06          0
566      3e-06          0
567 7.50001e-06          0
568      3e-06          0
569      3e-06          0
570    4.5e-06          0
571 6.00001e-06          0
572      3e-06          0
573 7.50001e-06          0
574    1.2e-05          0
575 9.00001e-06          0
576   1.05e-05          0
577    4.5e-06          0
578 6.00001e-06          0
579 6.00001e-06          0
580 6.00001e-06          0
581 7.50001e-06          0
582    4.5e-06          0
583 7.50001e-06          0
584    1.5e-06          0
585   1.05e-05          0
586    4.5e-06          0
587      3e-06          0
588 7.50001e-06          0
589      3e-06          0
590      3e-06          0
591 7.50001e-06          0
592    4.5e-06          0
593    4.5e-06          0
594   1.05e-05          0
595 7.50001e-06          0
596      3e-06          0
597    1.5e-05          0
598    4.5e-06          0
599    1.5e-06          0
600    4.5e-06          0
601      3e-06          0
602   1.05e-05          0
603 6.00001e-06          0
604 6.00001e-06          0
605 6.00001e-06          0
606 7.50001e-06          0
607 7.50001e-06          0
608    4.5e-06          0
609    4.5e-06          0
610 7.50001e-06          0
611   1.05e-05          0
612    4.5e-06          0
613 7.50001e-06          0
614    1.2e-05          0
615 7.50001e-06          0
616    1.2e-05          0
617 7.50001e-06          0
618 9.00001e-06          0
619      3e-06          0
620 6.00001e-06          0
621 6.00001e-06          0
622      3e-06          0
623 9.00001e-06          0
624   1.05e-05          0
625 7.50001e-06          0
626 7.50001e-06          0
627   1.05e-05          0
628 9.00001e-06          0
629      3e-06          0
630      3e-06          0
631    4.5e-06          0
632      3e-06          0
633   1.05e-05          0
634    1.5e-06          0
635   1.05e-05          0
636    4.5e-06          0
637 7.50001e-06          0
638 7.50001e-06          0
639 6.00001e-06          0
640      3e-06          0
641    4.5e-06          0
642      3e-06          0
643    1.5e-06          0
644    4.5e-06          0
645    4.5e-06          0
646 6.00001e-06          0
647    1.5e-06          0
648    4.5e-06          0
649    4.5e-06          0
650 7.50001e-06          0
651 9.00001e-06          0
652 9.00001e-06          0
653      3e-06          0
654    4.5e-06          0
655    4.5e-06          0
656 6.00001e-06          0
657    1.5e-06          0
658    1.2e-05          0
660      3e-06          0
661    4.5e-06          0
662 6.00001e-06          0
663 6.00001e-06          0
664 7.50001e-06          0
665      3e-06          0
666    1.5e-06          0
667 7.50001e-06          0
668 6.00001e-06          0
669 7.50001e-06          0
670 6.00001e-06          0
671    4.5e-06          0
672    1.5e-06          0
673    4.5e-06          0
674      3e-06          0
675    4.5e-06          0
676      3e-06          0
677 6.00001e-06          0
678 7.50001e-06          0
679    1.5e-06          0
680    4.5e-06          0
681    4.5e-06          0
682 6.00001e-06          0
683 9.00001e-06          0
684    4.5e-06          0
685      3e-06          0
686    4.5e-06          0
687      3e-06          0
688      3e-06          0
689    4.5e-06          0
690 6.00001e-06          0
691      3e-06          0
692    1.5e-06          0
693    4.5e-06          0
694    4.5e-06          0
695 6.00001e-06          0
696 6.00001e-06          0
697    1.5e-06          0
698      3e-06          0
699      3e-06          0
700 7.50001e-06          0
701      3e-06          0
702    4.5e-06          0
703      3e-06          0
704 9.00001e-06          0
705      3e-06          0
706    1.5e-06          0
707      3e-06          0
708      3e-06          0
709 9.00001e-06          0
710    1.5e-06          0
711 6.00001e-06          0
712 6.00001e-06          0
713 6.00001e-06          0
714      3e-06          0
715 6.00001e-06          0
716    4.5e-06          0
717 7.50001e-06          0
718 6.00001e-06          0
720 9.00001e-06          0
721 6.00001e-06          0
722      3e-06          0
723    1.5e-06          0
724    1.5e-06          0
725    4.5e-06          0
726 6.00001e-06          0
727      3e-06          0
728      3e-06          0
729    1.5e-06          0
730    4.5e-06          0
731    1.5e-06          0
732    4.5e-06          0
733    4.5e-06          0
734    1.5e-06          0
735      3e-06          0
736      3e-06          0
737    1.5e-06          0
739   1.05e-05          0
740    4.5e-06          0
741      3e-06          0
742    1.5e-06          0
743 6.00001e-06          0
744    4.5e-06          0
745    4.5e-06          0
746    1.5e-06          0
747    1.5e-06          0
748      3e-06          0
749    4.5e-06          0
750      3e-06          0
751    1.5e-06          0
752    1.2e-05          0
753 6.00001e-06          0
754      3e-06          0
755 6.00001e-06          0
756    1.5e-06          0
757      3e-06          0
759      3e-06          0
760    4.5e-06          0
761 6.00001e-06          0
762      3e-06          0
763    4.5e-06          0
764    1.5e-06          0
765    4.5e-06          0
766 9.00001e-06          0
767 7.50001e-06          0
769   1.05e-05          0
771    1.5e-06          0
772    4.5e-06          0
773      3e-06          0
774    4.5e-06          0
775    4.5e-06          0
776    1.5e-06          0
777 6.00001e-06          0
778      3e-06          0
779    1.5e-06          0
780 9.00001e-06          0
781    1.5e-06          0
782    4.5e-06          0
784      3e-06          0
785      3e-06          0
786      3e-06          0
788    1.5e-06          0
790      3e-06          0
791 9.00001e-06          0
792    4.5e-06          0
793      3e-06          0
794 6.00001e-06          0
795    4.5e-06          0
796      3e-06          0
797    1.5e-06          0
798    1.5e-06          0
799    1.5e-06          0
800      3e-06          0
801    4.5e-06          0
802    4.5e-06          0
803    1.5e-06          0
804    4.5e-06          0
805    1.5e-06          0
807    4.5e-06          0
808 7.50001e-06          0
809    1.5e-06          0
810      3e-06          0
811      3e-06          0
812 9.00001e-06          0
813    4.5e-06          0
814      3e-06          0
815    1.5e-06          0
816      3e-06          0
817      3e-06          0
819      3e-06          0
821    1.5e-06          0
823    4.5e-06          0
824 6.00001e-06          0
825    1.5e-06          0
826 6.00001e-06          0
828      3e-06          0
829 7.50001e-06          0
830      3e-06          0
831 6.00001e-06          0
832    4.5e-06          0
833    1.5e-06          0
834    4.5e-06          0
835    1.5e-06          0
836 6.00001e-06          0
838    4.5e-06          0
839 7.50001e-06          0
841    1.5e-06          0
842    1.5e-06          0
843 6.00001e-06          0
844    1.5e-06          0
845      3e-06          0
847    4.5e-06          0
848      3e-06          0
849    1.5e-06          0
850      3e-06          0
851      3e-06          0
852    1.5e-06          0
853    4.5e-06          0
854      3e-06          0
855    1.5e-06          0
857      3e-06          0
860      3e-06          0
861      3e-06          0
862      3e-06          0
864      3e-06          0
865      3e-06          0
866    1.5e-06          0
867      3e-06          0
868    1.5e-06          0
869      3e-06          0
871    4.5e-06          0
872    1.5e-06          0
873      3e-06          0
875    1.5e-06          0
876    1.5e-06          0
877    1.5e-06          0
879    1.5e-06          0
880      3e-06          0
881    1.5e-06          0
884      3e-06          0
885    1.5e-06          0
886 7.50001e-06          0
887    1.5e-06          0
888      3e-06          0
891      3e-06          0
892      3e-06          0
895 7.50001e-06          0
896      3e-06          0
897    4.5e-06          0
898      3e-06          0
899    1.5e-06          0
902      3e-06          0
903    4.5e-06          0
904    1.5e-06          0
905    1.5e-06          0
906    1.5e-06          0
907      3e-06          0
908    1.5e-06          0
909      3e-06          0
910    1.5e-06          0
911      3e-06          0
912    1.5e-06          0
913    1.5e-06          0
915      3e-06          0
916    1.5e-06          0
917    4.5e-06          0
919    1.5e-06          0
920      3e-06          0
922      3e-06          0
923      3e-06          0
925    1.5e-06          0
926      3e-06          0
927      3e-06          0
928    1.5e-06          0
929      3e-06          0
930    1.5e-06          0
931 7.50001e-06          0
932    1.5e-06          0
934      3e-06          0
935    1.5e-06          0
936 6.00001e-06          0
938    1.5e-06          0
939    1.5e-06          0
940    1.5e-06          0
941 7.50001e-06          0
942    4.5e-06          0
943    1.5e-06          0
944    1.5e-06          0
945    4.5e-06          0
946    1.5e-06          0
948    1.5e-06          0
949    1.5e-06          0
950      3e-06          0
951    4.5e-06          0
952 6.00001e-06          0
956      3e-06          0
957      3e-06          0
958    1.5e-06          0
959    1.5e-06          0
960      3e-06          0
963 6.00001e-06          0
964      3e-06          0
965      3e-06          0
966      3e-06          0
968    1.5e-06          0
969    4.5e-06          0
970    1.5e-06          0
971    4.5e-06          0
972    4.5e-06          0
973      3e-06          0
974      3e-06          0
975      3e-06          0
976    1.5e-06          0
977      3e-06          0
978    4.5e-06          0
980      3e-06          0
982    4.5e-06          0
983    1.5e-06          0
984    1.5e-06          0
985      3e-06          0
986    1.5e-06          0
988    1.5e-06          0
989    4.5e-06          0
990    4.5e-06          0
991    1.5e-06          0
992      3e-06          0
993    4.5e-06          0
994      3e-06          0
995      3e-06          0
996    1.5e-06          0
997 6.00001e-06          0
998    1.5e-06          0
999    1.5e-06          0
1000      3e-06          0
1002 7.50001e-06          0
1003    1.5e-06          0
1005      3e-06          0
1006      3e-06          0
1008    4.5e-06          0
1009      3e-06          0
1010    1.5e-06          0
1011      3e-06          0
1013    1.5e-06          0
1014      3e-06          0
1015      3e-06          0
1016    1.5e-06          0
1018    1.5e-06          0
1021      3e-06          0
1023    4.5e-06          0
1025    1.5e-06          0
1026    1.5e-06          0
1027      3e-06          0
1029    1.5e-06          0
1030    1.5e-06          0
1031    1.5e-06          0
1032    4.5e-06          0
1035    4.5e-06          0
1038      3e-06          0
1042    1.5e-06          0
1044    1.5e-06          0
1045    1.5e-06          0
1046    4.5e-06          0
1047    1.5e-06          0
1049    1.5e-06          0
1050    1.5e-06          0
1051      3e-06          0
1053    1.5e-06          0
1055 6.00001e-06          0
1056 6.00001e-06          0
1059    1.5e-06          0
1061    1.5e-06          0
1062      3e-06          0
1063    1.5e-06          0
1064      3e-06          0
1065      3e-06          0
1066    1.5e-06          0
1067    4.5e-06          0
1068      3e-06          0
1070 6.00001e-06          0
1071    1.5e-06          0
1072      3e-06          0
1073    1.5e-06          0
1074      3e-06          0
1075    4.5e-06          0
1077      3e-06          0
1078      3e-06          0
1080    1.5e-06          0
1081    1.5e-06          0
1082    1.5e-06          0
1083    1.5e-06          0
1085    1.5e-06          0
1087    4.5e-06          0
1090    1.5e-06          0
1091    4.5e-06          0
1092    1.5e-06          0
1093      3e-06          0
1095    1.5e-06          0
1096    1.5e-06          0
1101    1.5e-06          0
1102    4.5e-06          0
1104    1.5e-06          0
1106      3e-06          0
1107      3e-06          0
1109      3e-06          0
1110    1.5e-06          0
1111    1.5e-06          0
1112    1.5e-06          0
1113    1.5e-06          0
1114    1.5e-06          0
1116    1.5e-06          0
1117    1.5e-06          0
1118      3e-06          0
1119    1.5e-06          0
1122 6.00001e-06          0
1123    1.5e-06          0
1125    4.5e-06          0
1128    4.5e-06          0
1130    1.5e-06          0
1131      3e-06          0
1132    1.5e-06          0
1133    1.5e-06          0
1134    1.5e-06          0
1135    1.5e-06          0
1137    1.5e-06          0
1138    1.5e-06          0
1139    1.5e-06          0
1140    1.5e-06          0
1141    1.5e-06          0
1146    1.5e-06          0
1148    1.5e-06          0
1149    4.5e-06          0
1150    1.5e-06          0
1151      3e-06          0
1152      3e-06          0
1154    4.5e-06          0
1156      3e-06          0
1157      3e-06          0
1158    1.5e-06          0
1161    1.5e-06          0
1163    1.5e-06          0
1164    1.5e-06          0
1167      3e-06          0
1168 6.00001e-06          0
1169      3e-06          0
1170    1.5e-06          0
1171    1.5e-06          0
1172    1.5e-06          0
1177    1.5e-06          0
1178    1.5e-06          0
1179    1.5e-06          0
1180    1.5e-06          0
1181    4.5e-06          0
1183    1.5e-06          0
1187    1.5e-06          0
1188    1.5e-06          0
1190    4.5e-06          0
1192      3e-06          0
1193    4.5e-06          0
1194    4.5e-06          0
1197    1.5e-06          0
1198    1.5e-06          0
1199      3e-06          0
1200    1.5e-06          0
1201    1.5e-06          0
1203    1.5e-06          0
1204      3e-06          0
1209    1.5e-06          0
1212      3e-06          0
1214      3e-06          0
1215    1.5e-06          0
1216    1.5e-06          0
1217    1.5e-06          0
1219    1.5e-06          0
1222      3e-06          0
1223    1.5e-06          0
1224    1.5e-06          0
1225    1.5e-06          0
1227    4.5e-06          0
1232    1.5e-06          0
1235      3e-06          0
1237    1.5e-06          0
1238    1.5e-06          0
1239    1.5e-06          0
1241    1.5e-06          0
1243    1.5e-06          0
1247    1.5e-06          0
1248    1.5e-06          0
1249    1.5e-06          0
1250    1.5e-06          0
1252    1.5e-06          0
1253    1.5e-06          0
1255      3e-06          0
1259    1.5e-06          0
1261    1.5e-06          0
1262      3e-06          0
1266    1.5e-06          0
1267    1.5e-06          0
1268    1.5e-06          0
1270    1.5e-06          0
1272    1.5e-06          0
1273    1.5e-06          0
1274    1.5e-06          0
1276      3e-06          0
1279    1.5e-06          0
1280    1.5e-06          0
1282      3e-06          0
1284    1.5e-06          0
1285    1.5e-06          0
1287    1.5e-06          0
1288      3e-06          0
1291      3e-06          0
1292    1.5e-06          0
1294      3e-06          0
1295    1.5e-06          0
1298    1.5e-06          0
1299      3e-06          0
1301      3e-06          0
1302    1.5e-06          0
1303      3e-06          0
1307    1.5e-06          0
1308      3e-06          0
1309    1.5e-06          0
1310    4.5e-06          0
1312    1.5e-06          0
1314    1.5e-06          0
1315    1.5e-06          0
1317      3e-06          0
1320    1.5e-06          0
1321      3e-06          0
1323    1.5e-06          0
1327      3e-06          0
1328    1.5e-06          0
1330    1.5e-06          0
1331    4.5e-06          0
1333    4.5e-06          0
1334    1.5e-06          0
1338    1.5e-06          0
1339    1.5e-06          0
1340      3e-06          0
1342    1.5e-06          0
1344    1.5e-06          0
1345      3e-06          0
1347    1.5e-06          0
1348 6.00001e-06          0
1349    1.5e-06          0
1350      3e-06          0
1353      3e-06          0
1360    1.5e-06          0
1361    1.5e-06          0
1363      3e-06          0
1364      3e-06          0
1365    1.5e-06          0
1366    1.5e-06          0
1369    1.5e-06          0
1372    1.5e-06          0
1373      3e-06          0
1374    1.5e-06          0
1376    1.5e-06          0
1380    4.5e-06          0
1381    1.5e-06          0
1382    1.5e-06          0
1384    1.5e-06          0
1389    1.5e-06          0
1390    1.5e-06          0
1391    1.5e-06          0
1394      3e-06          0
1395    1.5e-06          0
1396    1.5e-06          0
1398    4.5e-06          0
1399    1.5e-06          0
1401    4.5e-06          0
1402    1.5e-06          0
1403      3e-06          0
1404    1.5e-06          0
1408    1.5e-06          0
1411      3e-06          0
1412    1.5e-06          0
1416    1.5e-06          0
1420    1.5e-06          0
1421      3e-06          0
1422      3e-06          0
1423    1.5e-06          0
1426    1.5e-06          0
1427    1.5e-06          0
1431    1.5e-06          0
1433    1.5e-06          0
1434    1.5e-06          0
1436    1.5e-06          0
1438      3e-06          0
1439    1.5e-06          0
1440      3e-06          0
1446    1.5e-06          0
1451      3e-06          0
1452    1.5e-06          0
1453    1.5e-06          0
1454    1.5e-06          0
1455    1.5e-06          0
1460    1.5e-06          0
1461    1.5e-06          0
1462    1.5e-06          0
1463    1.5e-06          0
1465    1.5e-06          0
1466    1.5e-06          0
1467    1.5e-06          0
1468    1.5e-06          0
1469    1.5e-06          0
1472    1.5e-06          0
1473    1.5e-06          0
1474    1.5e-06          0
1476    4.5e-06          0
1478    1.5e-06          0
1481    1.5e-06          0
1484    1.5e-06          0
1488    1.5e-06          0
1492    1.5e-06          0
1493    1.5e-06          0
1495    1.5e-06          0
1496    1.5e-06          0
1499    1.5e-06          0
1501    1.5e-06          0
1502    1.5e-06          0
1505    1.5e-06          0
1506    1.5e-06          0
1508    1.5e-06          0
1510    1.5e-06          0
1512    1.5e-06          0
1516    1.5e-06          0
1517    1.5e-06          0
1520    1.5e-06          0
1521    1.5e-06          0
1526      3e-06          0
1527 6.00001e-06          0
1528    1.5e-06          0
1529    4.5e-06          0
1532      3e-06          0
1536    1.5e-06          0
1538    1.5e-06          0
1543      3e-06          0
1544    1.5e-06          0
1545      3e-06          0
1546    1.5e-06          0
1553    1.5e-06          0
1554    1.5e-06          0
1555    1.5e-06          0
1556    1.5e-06          0
1557      3e-06          0
1558    1.5e-06          0
1559    1.5e-06          0
1561    1.5e-06          0
1562      3e-06          0
1565    1.5e-06          0
1566    1.5e-06          0
1567    1.5e-06          0
1568    1.5e-06          0
1569    1.5e-06          0
1571    1.5e-06          0
1572      3e-06          0
1573    1.5e-06          0
1577    1.5e-06          0
1578    1.5e-06          0
1579      3e-06          0
1580    1.5e-06          0
1587    1.5e-06          0
1588    1.5e-06          0
1590    1.5e-06          0
1593    1.5e-06          0
1595      3e-06          0
1601      3e-06          0
1607    1.5e-06          0
1609      3e-06          0
1612    1.5e-06          0
1613    1.5e-06          0
1617    1.5e-06          0
1624      3e-06          0
1626    1.5e-06          0
1630    1.5e-06          0
1634      3e-06          0
1635    1.5e-06          0
1636    1.5e-06          0
1637    1.5e-06          0
1642    1.5e-06          0
1643      3e-06          0
1648    1.5e-06          0
1651    1.5e-06          0
1653      3e-06          0
1655    1.5e-06          0
1656    1.5e-06          0
1663      3e-06          0
1664      3e-06          0
1665    1.5e-06          0
1667      3e-06          0
1668    1.5e-06          0
1670    1.5e-06          0
1672    1.5e-06          0
1678    1.5e-06          0
1684    1.5e-06          0
1685    1.5e-06          0
1688    1.5e-06          0
1689      3e-06          0
1695    1.5e-06          0
1699    1.5e-06          0
1702      3e-06          0
1704    1.5e-06          0
1705    1.5e-06          0
1708    1.5e-06          0
1710    1.5e-06          0
1715    1.5e-06          0
1722    1.5e-06          0
1725    1.5e-06          0
1727    1.5e-06          0
1729      3e-06          0
1731      3e-06          0
1732    1.5e-06          0
1736      3e-06          0
1737    1.5e-06          0
1738    1.5e-06          0
1739    1.5e-06          0
1740    1.5e-06          0
1742    1.5e-06          0
1744    1.5e-06          0
1745      3e-06          0
1746    1.5e-06          0
1748    1.5e-06          0
1755    1.5e-06          0
1757    1.5e-06          0
1759    1.5e-06          0
1761    1.5e-06          0
1763      3e-06          0
1764    1.5e-06          0
1766    1.5e-06          0
1767    1.5e-06          0
1769      3e-06          0
1773    1.5e-06          0
1774      3e-06          0
1776    1.5e-06          0
1777    1.5e-06          0
1780    1.5e-06          0
1781    1.5e-06          0
1782    1.5e-06          0
1786    1.5e-06          0
1790    1.5e-06          0
1791    1.5e-06          0
1795    1.5e-06          0
1802    1.5e-06          0
1806    1.5e-06          0
1807    1.5e-06          0
1808    1.5e-06          0
1810    1.5e-06          0
1811    1.5e-06          0
1814    1.5e-06          0
1819    1.5e-06          0
1827    1.5e-06          0
1829    1.5e-06          0
1831    1.5e-06          0
1832    1.5e-06          0
1836    1.5e-06          0
1837    1.5e-06          0
1838    1.5e-06          0
1840    1.5e-06          0
1845    1.5e-06          0
1854    1.5e-06          0
1855    1.5e-06          0
1862    1.5e-06          0
1865    1.5e-06          0
1867      3e-06          0
1875    1.5e-06          0
1877    1.5e-06          0
1887      3e-06          0
1891    1.5e-06          0
1892    1.5e-06          0
1893    1.5e-06          0
1899    1.5e-06          0
1915      3e-06          0
1916    1.5e-06          0
1920    1.5e-06          0
1924    4.5e-06          0
1926      3e-06          0
1928    1.5e-06          0
1929      3e-06          0
1930    1.5e-06          0
1932    1.5e-06          0
1937    1.5e-06          0
1939    1.5e-06          0
1941    1.5e-06          0
1945    1.5e-06          0
1949    1.5e-06          0
1956    1.5e-06          0
1961    1.5e-06          0
1969    1.5e-06          0
1970    1.5e-06          0
1974    1.5e-06          0
1976    1.5e-06          0
1977    1.5e-06          0
1980      3e-06          0
1981    4.5e-06          0
1982      3e-06          0
1985    1.5e-06          0
1986    1.5e-06          0
1999      3e-06          0
2001    1.5e-06          0
2002    1.5e-06          0
2004    1.5e-06          0
2012    1.5e-06          0
2013    4.5e-06          0
2014    1.5e-06          0
2015    1.5e-06          0
2018    1.5e-06          0
2026    1.5e-06          0
2035    1.5e-06          0
2037    1.5e-06          0
2052    1.5e-06          0
2057    1.5e-06          0
2060    1.5e-06          0
2061    4.5e-06          0
2062    1.5e-06          0
2065      3e-06          0
2067      3e-06          0
2068    1.5e-06          0
2070    1.5e-06          0
2074    1.5e-06          0
2075    1.5e-06          0
2081    1.5e-06          0
2083    1.5e-06          0
2087    1.5e-06          0
2088    1.5e-06          0
2090    1.5e-06          0
2102    1.5e-06          0
2103    1.5e-06          0
2109    1.5e-06          0
2115    1.5e-06          0
2122      3e-06          0
2123    1.5e-06          0
2125    1.5e-06          0
2130    1.5e-06          0
2134    1.5e-06          0
2138    1.5e-06          0
2140    1.5e-06          0
2142      3e-06          0
2150    1.5e-06          0
2151    1.5e-06          0
2152    1.5e-06          0
2153    1.5e-06          0
2155    1.5e-06          0
2157    1.5e-06          0
2166    1.5e-06          0
2167    1.5e-06          0
2168    1.5e-06          0
2175    1.5e-06          0
2183    1.5e-06          0
2196    1.5e-06          0
2199    1.5e-06          0
2203    1.5e-06          0
2206    1.5e-06          0
2210    1.5e-06          0
2211    1.5e-06          0
2214    1.5e-06          0
2218    1.5e-06          0
2220    1.5e-06          0
2229    1.5e-06          0
2231    1.5e-06          0
2232    1.5e-06          0
2243    1.5e-06          0
2247    1.5e-06          0
2254    1.5e-06          0
2258      3e-06          0
2264    1.5e-06          0
2267    1.5e-06          0
2274    1.5e-06          0
2275    1.5e-06          0
2278    1.5e-06          0
2290    1.5e-06          0
2292    1.5e-06          0
2297    1.5e-06          0
2300    1.5e-06          0
2309    1.5e-06          0
2314    1.5e-06          0
2318    1.5e-06          0
2319      3e-06          0
2321      3e-06          0
2322    1.5e-06          0
2330      3e-06          0
2333      3e-06          0
2338    1.5e-06          0
2343    1.5e-06          0
2351    1.5e-06          0
2355    1.5e-06          0
2356    1.5e-06          0
2364    1.5e-06          0
2370    1.5e-06          0
2371    1.5e-06          0
2376    1.5e-06          0
2383    1.5e-06          0
2389    1.5e-06          0
2396    1.5e-06          0
2415    1.5e-06          0
2416    1.5e-06          0
2420    1.5e-06          0
2450    1.5e-06          0
2456    1.5e-06          0
2458      3e-06          0
2459    1.5e-06          0
2464    1.5e-06          0
2465    1.5e-06          0
2470    1.5e-06          0
2475    1.5e-06          0
2494    1.5e-06          0
2495    1.5e-06          0
2497    1.5e-06          0
2517    1.5e-06          0
2522    4.5e-06          0
2525    1.5e-06          0
2532    1.5e-06          0
2537    1.5e-06          0
2541    1.5e-06          0
2546    1.5e-06          0
2552    1.5e-06          0
2553    1.5e-06          0
2556    1.5e-06          0
2566    1.5e-06          0
2573    1.5e-06          0
2601    1.5e-06          0
2610    1.5e-06          0
2614      3e-06          0
2618    1.5e-06          0
2633    1.5e-06          0
2662    1.5e-06          0
2663    1.5e-06          0
2669    1.5e-06          0
2672    1.5e-06          0
2675    1.5e-06          0
2676    1.5e-06          0
2678    1.5e-06          0
2693    1.5e-06          0
2694    1.5e-06          0
2697    1.5e-06          0
2698    1.5e-06          0
2701    1.5e-06          0
2707    1.5e-06          0
2729    1.5e-06          0
2735      3e-06          0
2746    1.5e-06          0
2768    1.5e-06          0
2776    1.5e-06          0
2778    1.5e-06          0
2785    1.5e-06          0
2787      3e-06          0
2799      3e-06          0
2801    1.5e-06          0
2808    1.5e-06          0
2820    1.5e-06          0
2821    1.5e-06          0
2823    1.5e-06          0
2841    1.5e-06          0
2842    1.5e-06          0
2848    1.5e-06          0
2859    1.5e-06          0
2861    1.5e-06          0
2864    1.5e-06          0
2871    1.5e-06          0
2877    1.5e-06          0
2882    1.5e-06          0
2884    1.5e-06          0
2899    1.5e-06          0
2903    1.5e-06          0
2919    1.5e-06          0
2930    1.5e-06          0
2942      3e-06          0
2946    1.5e-06          0
2948      3e-06          0
2950    1.5e-06          0
2954    1.5e-06          0
2976    1.5e-06          0
2977    1.5e-06          0
2979    1.5e-06          0
2982    1.5e-06          0
2992    1.5e-06          0
2993    1.5e-06          0
3010    1.5e-06          0
3013    1.5e-06          0
3021    1.5e-06          0
3022      3e-06          0
3031      3e-06          0
3054    1.5e-06          0
3059    1.5e-06          0
3067    1.5e-06          0
3069    1.5e-06          0
3078    1.5e-06          0
3080    1.5e-06          0
3081    1.5e-06          0
3088    1.5e-06          0
3092    1.5e-06          0
3098    1.5e-06          0
3103    1.5e-06          0
3104    1.5e-06          0
3107    1.5e-06          0
3113      3e-06          0
3140    1.5e-06          0
3159    1.5e-06          0
3160    1.5e-06          0
3165    1.5e-06          0
3171    1.5e-06          0
3182    1.5e-06          0
3207    1.5e-06          0
3219    1.5e-06          0
3220    1.5e-06          0
3221    1.5e-06          0
3223    1.5e-06          0
3224    1.5e-06          0
3232    1.5e-06          0
3247    1.5e-06          0
3262    1.5e-06          0
3269    1.5e-06          0
3275    1.5e-06          0
3277    1.5e-06          0
3281    1.5e-06          0
3283    1.5e-06          0
3290    1.5e-06          0
3293    1.5e-06          0
3298    1.5e-06          0
3318    1.5e-06          0
3319    1.5e-06          0
3320    1.5e-06          0
3332    1.5e-06          0
3358    1.5e-06          0
3373    1.5e-06          0
3378    1.5e-06          0
3379    1.5e-06          0
3381    1.5e-06          0
3402      3e-06          0
3404    1.5e-06          0
3412    1.5e-06          0
3418    1.5e-06          0
3420      3e-06          0
3421    1.5e-06          0
3427    1.5e-06          0
3436    1.5e-06          0
3440    1.5e-06          0
3449    1.5e-06          0
3450    1.5e-06          0
3461    1.5e-06          0
3464    1.5e-06          0
3482    1.5e-06          0
3484      3e-06          0
3490    1.5e-06          0
3495    1.5e-06          0
3505    1.5e-06          0
3524    1.5e-06          0
3529    1.5e-06          0
3539    1.5e-06          0
3541    1.5e-06          0
3552    1.5e-06          0
3568    1.5e-06          0
3574      3e-06          0
3587    1.5e-06          0
3635    1.5e-06          0
3636    1.5e-06          0
3644    1.5e-06          0
3647    1.5e-06          0
3652    1.5e-06          0
3659    1.5e-06          0
3664    1.5e-06          0
3674    1.5e-06          0
3676    1.5e-06          0
3682    1.5e-06          0
3685    1.5e-06          0
3696    1.5e-06          0
3701    1.5e-06          0
3725      3e-06          0
3735    1.5e-06          0
3757    1.5e-06          0
3782    1.5e-06          0
3785    1.5e-06          0
3801    1.5e-06          0
3847    1.5e-06          0
3874    1.5e-06          0
3876    1.5e-06          0
3890    1.5e-06          0
3929    1.5e-06          0
3935    1.5e-06          0
3939    1.5e-06          0
3947    1.5e-06          0
3950      3e-06          0
3961    1.5e-06          0
3966    1.5e-06          0
4000    1.5e-06          0
4032      3e-06          0
4051    1.5e-06          0
4054    1.5e-06          0
4074    1.5e-06          0
4076    1.5e-06          0
4081    1.5e-06          0
4085    1.5e-06          0
4092    1.5e-06          0
4093    1.5e-06          0
4103    1.5e-06          0
4104    1.5e-06          0
4152    1.5e-06          0
4160    1.5e-06          0
4184    1.5e-06          0
4188    1.5e-06          0
4189    1.5e-06          0
4198    1.5e-06          0
4209    1.5e-06          0
4210    1.5e-06          0
4225    1.5e-06          0
4226    1.5e-06          0
4232    1.5e-06          0
4258      3e-06          0
4300    1.5e-06          0
4307    1.5e-06          0
4334    1.5e-06          0
4357    1.5e-06          0
4358    1.5e-06          0
4373    1.5e-06          0
4401    1.5e-06          0
4411    1.5e-06          0
4425    1.5e-06          0
4473    1.5e-06          0
4496    1.5e-06          0
4498    1.5e-06          0
4514    1.5e-06          0
4541    1.5e-06          0
4555    1.5e-06          0
4566    1.5e-06          0
4569    1.5e-06          0
4578    1.5e-06          0
4579    1.5e-06          0
4580    1.5e-06          0
4584    1.5e-06          0
4598    1.5e-06          0
4620    1.5e-06          0
4649    1.5e-06          0
4666    1.5e-06          0
4682    1.5e-06          0
4683    1.5e-06          0
4696      3e-06          0
4754    1.5e-06          0
4755    1.5e-06          0
4764    1.5e-06          0
4781    1.5e-06          0
4788    1.5e-06          0
4792    1.5e-06          0
4802    1.5e-06          0
4803    1.5e-06          0
4804    1.5e-06          0
4807    1.5e-06          0
4814    1.5e-06          0
4821    1.5e-06          0
4893    1.5e-06          0
4929    1.5e-06          0
4975    1.5e-06          0
4995    1.5e-06          0
5028    1.5e-06          0
5029    1.5e-06          0
5048    1.5e-06          0
5065    1.5e-06          0
5084    1.5e-06          0
5091    1.5e-06          0
5098    1.5e-06          0
5125    1.5e-06          0
5148    1.5e-06          0
5181    1.5e-06          0
5186    1.5e-06          0
5213    1.5e-06          0
5219    1.5e-06          0
5253    1.5e-06          0
5301    1.5e-06          0
5362    1.5e-06          0
5422    1.5e-06          0
5423    1.5e-06          0
5430    1.5e-06          0
5437    1.5e-06          0
5453    1.5e-06          0
5454    1.5e-06          0
5491    1.5e-06          0
5509    1.5e-06          0
5590    1.5e-06          0
5601    1.5e-06          0
5623    1.5e-06          0
5643    1.5e-06          0
5670    1.5e-06          0
5673    1.5e-06          0
5699    1.5e-06          0
5712    1.5e-06          0
5724    1.5e-06          0
5755    1.5e-06          0
5759    1.5e-06          0
5801    1.5e-06          0
5819    1.5e-06          0
5824    1.5e-06          0
5867    1.5e-06          0
5889    1.5e-06          0
5922    1.5e-06          0
5963    1.5e-06          0
5967    1.5e-06          0
5997    1.5e-06          0
6004    1.5e-06          0
6033    1.5e-06          0
6038    1.5e-06          0
6074    1.5e-06          0
6077    1.5e-06          0
6082    1.5e-06          0
6091    1.5e-06          0
6103    1.5e-06          0
6107    1.5e-06          0
6123    1.5e-06          0
6129    1.5e-06          0
6143    1.5e-06          0
6176    1.5e-06          0
6221    1.5e-06          0
6237    1.5e-06          0
6243    1.5e-06          0
6306    1.5e-06          0
6402    1.5e-06          0
6430    1.5e-06          0
6439    1.5e-06          0
6483    1.5e-06          0
6583    1.5e-06          0
6603    1.5e-06          0
6618    1.5e-06          0
6659    1.5e-06          0
6766    1.5e-06          0
6885    1.5e-06          0
6894    1.5e-06          0
6906    1.5e-06          0
6983    1.5e-06          0
7032    1.5e-06          0
7065    1.5e-06          0
7071    1.5e-06          0
7077    1.5e-06          0
7085    1.5e-06          0
7144    1.5e-06          0
7164    1.5e-06          0
7199    1.5e-06          0
7201    1.5e-06          0
7239    1.5e-06          0
7315    1.5e-06          0
7334    1.5e-06          0
7370    1.5e-06          0
7397    1.5e-06          0
7421    1.5e-06          0
7452    1.5e-06          0
7457    1.5e-06          0
7460    1.5e-06          0
7499    1.5e-06          0
7530    1.5e-06          0
7544    1.5e-06          0
7622    1.5e-06          0
7665    1.5e-06          0
7672    1.5e-06          0
7746    1.5e-06          0
7767    1.5e-06          0
7776    1.5e-06          0
7888    1.5e-06          0
7896    1.5e-06          0
7921    1.5e-06          0
7934    1.5e-06          0
7973    1.5e-06          0
8016    1.5e-06          0
8036    1.5e-06          0
8066    1.5e-06          0
8093    1.5e-06          0
8174    1.5e-06          0
8243    1.5e-06          0
8289    1.5e-06          0
8302    1.5e-06          0
8332    1.5e-06          0
8440    1.5e-06          0
8441    1.5e-06          0
8465    1.5e-06          0
8502    1.5e-06          0
8515    1.5e-06          0
8536    1.5e-06          0
8566    1.5e-06          0
8678    1.5e-06          0
8680    1.5e-06          0
8802    1.5e-06          0
8805    1.5e-06          0
8872    1.5e-06          0
8901    1.5e-06          0
8908    1.5e-06          0
8911    1.5e-06          0
9008    1.5e-06          0
9017    1.5e-06          0
9041    1.5e-06          0
9090    1.5e-06          0
9180    1.5e-06          0
9355    1.5e-06          0
9748    1.5e-06          0
9785    1.5e-06          0
9856    1.5e-06          0
9873    1.5e-06          0
9982    1.5e-06          0
10069    1.5e-06          0
10087    1.5e-06          0
10149    1.5e-06          0
10154    1.5e-06          0
10221    1.5e-06          0
10366    1.5e-06          0
10367    1.5e-06          0
10375    1.5e-06          0
10660    1.5e-06          0
10932    1.5e-06          0
10934    1.5e-06          0
10951    1.5e-06          0
11301    1.5e-06          0
11353    1.5e-06          0
11402    1.5e-06          0
11608    1.5e-06          0
11666    1.5e-06          0
11667    1.5e-06          0
11862    1.5e-06          0
11884    1.5e-06          0
11885    1.5e-06          0
11971    1.5e-06          0
12048    1.5e-06          0
12110    1.5e-06          0
12300    1.5e-06          0
12358    1.5e-06          0
12514    1.5e-06          0
12638    1.5e-06          0
13105    1.5e-06          0
13206    1.5e-06          0
13294    1.5e-06          0
13446    1.5e-06          0
13515    1.5e-06          0
13693    1.5e-06          0
13769    1.5e-06          0
13952    1.5e-06          0
13965    1.5e-06          0
14069    1.5e-06          0
14396    1.5e-06          0
14569    1.5e-06          0
14695    1.5e-06          0
14940    1.5e-06          0
14944    1.5e-06          0
15043    1.5e-06          0
15739    1.5e-06          0
15769    1.5e-06          0
15932    1.5e-06          0
15962    1.5e-06          0
16305    1.5e-06          0
16388    1.5e-06          0
16437    1.5e-06          0
16462    1.5e-06          0
17043    1.5e-06          0
17231    1.5e-06          0
17681    1.5e-06          0
17997    1.5e-06          0
18057    1.5e-06          0
18198    1.5e-06          0
18728    1.5e-06          0
18976    1.5e-06          0
19055    1.5e-06          0
19057    1.5e-06          0
19723    1.5e-06          0
20263    1.5e-06          0
20379    1.5e-06          0
20552    1.5e-06          0
20769    1.5e-06          0
21136    1.5e-06          0
21208    1.5e-06          0
21270    1.5e-06          0
21539    1.5e-06          0
21862    1.5e-06          0
21883    1.5e-06          0
22053    1.5e-06          0
22511    1.5e-06          0
22605    1.5e-06          0
22654    1.5e-06          0
22757    1.5e-06          0
23081    1.5e-06          0
23247    1.5e-06          0
23653    1.5e-06          0
24589    1.5e-06          0
25220    1.5e-06          0
26522    1.5e-06          0
27015    1.5e-06          0
28054    1.5e-06          0
28742    1.5e-06          0
29323    1.5e-06          0
29908    1.5e-06          0
30264    1.5e-06          0
30969    1.5e-06          0
31609    1.5e-06          0
34829    1.5e-06          0
34929    1.5e-06          0
36409    1.5e-06          0
38714    1.5e-06          0
39627    1.5e-06          0
40859    1.5e-06          0
43947    1.5e-06          0
46642    1.5e-06          0
48527    1.5e-06          0
48554    1.5e-06          0
53623    1.5e-06          0
55464    1.5e-06          0
55945    1.5e-06          0
59855    1.5e-06          0
59929    1.5e-06          0
60088    1.5e-06          0
61198    1.5e-06          0
62409    1.5e-06          0
68950    1.5e-06          0
69928    1.5e-06          0
78912    1.5e-06          0
83993    1.5e-06          0
87629    1.5e-06          0
88671    1.5e-06          0
93175    1.5e-06          0
100279    1.5e-06          0
109320    1.5e-06          0
128104    1.5e-06          0
139457    1.5e-06          0
196949    1.5e-06          0
205957    1.5e-06          0
223954    1.5e-06          0
267561    1.5e-06          0
302866    1.5e-06          0
303080    1.5e-06          0
337909    1.5e-06          0
399107    1.5e-06          0
