0.49844444444444447
0.5107777777777778
0.4978888888888889
0.49244444444444446
0.5017777777777778
0.4928888888888889
0.5087777777777778
0.5044444444444445
0.5103333333333333
0.5097777777777778
0.49722222222222223
0.5022222222222222
0.4945555555555556
0.501
0.49644444444444447
0.49766666666666665
0.493
0.5067777777777778
0.502
0.49977777777777777
0.5023333333333333
0.507
0.5037777777777778
0.5012222222222222
0.4892222222222222
0.5026666666666667
0.5003333333333333
0.49922222222222223
0.506
0.48733333333333334
0.49533333333333335
0.49422222222222223
0.489
0.4922222222222222
0.5013333333333333
0.504
0.505
0.49966666666666665
0.5092222222222222
0.4958888888888889
0.49933333333333335
0.49733333333333335
0.5008888888888889
0.5084444444444445
0.5056666666666667
0.5008888888888889
0.49922222222222223
0.5011111111111111
0.5006666666666667
0.5038888888888889
0.4935555555555556
0.5013333333333333
0.49033333333333334
0.49955555555555553
0.5061111111111111
0.5044444444444445
0.5062222222222222
0.4988888888888889
0.4912222222222222
0.49577777777777776
0.49655555555555553
0.49944444444444447
0.49666666666666665
0.4941111111111111
0.5006666666666667
0.49855555555555553
0.49644444444444447
0.5016666666666667
0.49922222222222223
0.5034444444444445
0.49655555555555553
0.5005555555555555
0.514
0.5002222222222222
0.5
0.5013333333333333
0.49677777777777776
0.5018888888888889
0.49766666666666665
0.5017777777777778
0.49777777777777776
0.5016666666666667
0.5045555555555555
0.5021111111111111
0.5075555555555555
0.4981111111111111
0.5044444444444445
0.49333333333333335
0.5004444444444445
0.49544444444444447
0.49444444444444446
0.4922222222222222
0.4902222222222222
0.4951111111111111
0.499
0.5026666666666667
0.4988888888888889
0.4872222222222222
0.4988888888888889
0.5018888888888889
0.5012222222222222
0.49533333333333335
0.5015555555555555
0.49722222222222223
0.5035555555555555
0.49877777777777776
0.5124444444444445
0.49522222222222223
0.5083333333333333
0.5036666666666667
0.49522222222222223
0.4902222222222222
0.5035555555555555
0.4925555555555556
0.49644444444444447
0.48944444444444446
0.5008888888888889
0.4951111111111111
0.5032222222222222
0.49344444444444446
0.5064444444444445
0.5021111111111111
0.49644444444444447
0.49377777777777776
0.4951111111111111
0.5044444444444445
0.4958888888888889
0.5016666666666667
0.49944444444444447
0.4981111111111111
0.5048888888888889
0.49833333333333335
0.5025555555555555
0.5017777777777778
0.5023333333333333
0.5054444444444445
0.5053333333333333
0.49766666666666665
0.5082222222222222
0.49777777777777776
0.49744444444444447
0.49266666666666664
0.5062222222222222
0.499
0.49966666666666665
0.49866666666666665
0.4961111111111111
0.495
0.49666666666666665
0.5057777777777778
0.4925555555555556
0.4955555555555556
0.5031111111111111
0.5114444444444445
0.49944444444444447
0.49655555555555553
0.497
0.5016666666666667
0.5022222222222222
0.499
0.5026666666666667
0.49655555555555553
0.49633333333333335
0.49622222222222223
0.4918888888888889
0.49566666666666664
0.49866666666666665
0.4938888888888889
0.5034444444444445
0.49533333333333335
0.5038888888888889
0.5037777777777778
0.51
0.5
0.5025555555555555
0.5097777777777778
0.5003333333333333
0.502
0.5073333333333333
0.5067777777777778
0.5045555555555555
0.5003333333333333
0.5054444444444445
0.4922222222222222
0.49966666666666665
0.49522222222222223
0.49377777777777776
0.5024444444444445
0.5156666666666667
0.49655555555555553
0.49066666666666664
0.49977777777777777
0.4978888888888889
0.5021111111111111
0.49822222222222223
0.5118888888888888
0.4872222222222222
0.5002222222222222
0.5071111111111111
0.49877777777777776
0.49866666666666665
0.49944444444444447
0.49622222222222223
0.5006666666666667
0.5027777777777778
0.491
0.49266666666666664
0.4981111111111111
0.4918888888888889
0.4911111111111111
0.49844444444444447
0.5147777777777778
0.5026666666666667
0.506
0.5051111111111111
0.5026666666666667
0.5083333333333333
0.49977777777777777
0.5111111111111111
0.5043333333333333
0.505
0.5008888888888889
0.4961111111111111
0.5022222222222222
0.4981111111111111
0.4931111111111111
0.5105555555555555
0.496
0.49655555555555553
0.5053333333333333
0.5002222222222222
0.504
0.4908888888888889
0.4998888888888889
0.5003333333333333
0.5042222222222222
0.49644444444444447
0.4938888888888889
0.5033333333333333
0.5034444444444445
0.5023333333333333
0.5022222222222222
0.4968888888888889
0.5005555555555555
0.499
0.5033333333333333
0.5037777777777778
0.49755555555555553
0.491
0.5044444444444445
0.49644444444444447
0.5022222222222222
0.506
0.5035555555555555
0.497
0.5055555555555555
0.5101111111111111
0.5068888888888889
0.49822222222222223
0.49633333333333335
0.49733333333333335
0.493
0.5033333333333333
0.49866666666666665
0.51
0.5043333333333333
0.5055555555555555
0.49966666666666665
0.49044444444444446
0.5087777777777778
0.49866666666666665
0.5017777777777778
0.49622222222222223
0.4925555555555556
0.5074444444444445
0.49666666666666665
0.4958888888888889
0.4991111111111111
0.5003333333333333
0.5033333333333333
0.49533333333333335
0.4831111111111111
0.5025555555555555
0.49677777777777776
0.49633333333333335
0.5053333333333333
0.49933333333333335
0.49955555555555553
0.49333333333333335
0.5016666666666667
0.4998888888888889
0.4988888888888889
0.493
0.495
0.49822222222222223
0.49522222222222223
0.4978888888888889
0.49966666666666665
0.5027777777777778
0.49433333333333335
0.5015555555555555
0.504
0.504
0.49822222222222223
0.5004444444444445
0.498
0.49722222222222223
0.484
0.5097777777777778
0.49933333333333335
0.5025555555555555
0.49722222222222223
0.5018888888888889
0.49666666666666665
0.5026666666666667
0.5025555555555555
0.5023333333333333
0.5014444444444445
0.512
0.49044444444444446
0.5021111111111111
0.5035555555555555
0.5011111111111111
0.5052222222222222
0.4951111111111111
0.5033333333333333
0.4931111111111111
0.49366666666666664
0.5015555555555555
0.49955555555555553
0.49833333333333335
0.49822222222222223
0.4945555555555556
0.4998888888888889
0.5077777777777778
0.5027777777777778
0.4902222222222222
0.5095555555555555
0.49944444444444447
0.49766666666666665
0.5036666666666667
0.5058888888888889
0.492
0.49277777777777776
0.499
0.502
0.5002222222222222
0.4955555555555556
0.5096666666666667
0.49533333333333335
0.4978888888888889
0.495
0.49833333333333335
0.5038888888888889
0.498
0.49322222222222223
0.5051111111111111
0.5074444444444445
0.5055555555555555
0.49955555555555553
0.49955555555555553
0.49077777777777776
0.5017777777777778
0.49566666666666664
0.5052222222222222
0.49477777777777776
0.5032222222222222
0.49844444444444447
0.5083333333333333
0.49777777777777776
0.5011111111111111
0.49944444444444447
0.4951111111111111
0.49944444444444447
0.49477777777777776
0.49433333333333335
0.49522222222222223
0.5054444444444445
0.5008888888888889
0.49855555555555553
0.5
0.5026666666666667
0.49633333333333335
0.5052222222222222
0.49955555555555553
0.502
0.49444444444444446
0.4961111111111111
0.5077777777777778
0.5066666666666667
0.4945555555555556
0.49666666666666665
0.4905555555555556
0.5007777777777778
0.513
0.49655555555555553
0.509
0.5054444444444445
0.49033333333333334
0.49633333333333335
0.4871111111111111
0.49522222222222223
0.49577777777777776
0.49077777777777776
0.49622222222222223
0.507
0.49633333333333335
0.496
0.5074444444444445
0.5023333333333333
0.5067777777777778
0.4978888888888889
0.4945555555555556
0.5002222222222222
0.5002222222222222
0.496
0.499
0.49755555555555553
0.5084444444444445
0.49666666666666665
0.5047777777777778
0.501
0.49544444444444447
0.4958888888888889
0.5024444444444445
0.49177777777777776
0.49977777777777777
0.5017777777777778
0.4945555555555556
0.4915555555555556
0.5034444444444445
0.5063333333333333
0.4978888888888889
0.48833333333333334
0.5014444444444445
0.49244444444444446
0.491
0.49855555555555553
0.49644444444444447
0.5074444444444445
0.49877777777777776
0.5038888888888889
0.5051111111111111
0.5045555555555555
0.49677777777777776
0.49933333333333335
0.5071111111111111
0.5008888888888889
0.5014444444444445
0.495
0.5025555555555555
0.49144444444444446
0.5027777777777778
0.49366666666666664
0.5022222222222222
0.5021111111111111
0.49566666666666664
0.49777777777777776
0.49644444444444447
0.48544444444444446
0.488
0.5032222222222222
0.49133333333333334
0.4981111111111111
0.4935555555555556
0.4938888888888889
0.49933333333333335
0.4951111111111111
0.5097777777777778
0.4988888888888889
0.5067777777777778
0.5064444444444445
0.5005555555555555
0.4912222222222222
0.4928888888888889
0.5032222222222222
0.5037777777777778
