4097
4055
4137
4070
4134
4166
4137
4007
4125
4122
4171
4125
4184
4092
4112
4094
4066
4099
4119
4072
4069
4117
4002
4088
4132
4104
4075
4126
4125
4137
4123
4048
4112
4107
4087
4069
4127
4142
4135
4139
4075
4034
4025
4058
3978
4066
4127
4205
4041
4092
4081
4195
4135
4086
4157
4134
4111
4058
4104
4101
4016
4056
4154
4092
4083
4230
4069
4173
4125
4151
4055
4064
4132
4094
4095
4132
4055
4088
4114
4170
4105
4031
4214
4077
4032
4076
4118
4122
4075
4130
4074
4136
3988
3965
4128
4066
4022
4105
4089
4116
4053
4143
4046
4201
4187
4121
4160
4082
4109
4093
4115
4136
4084
4154
4043
4129
4209
4046
4045
4118
4087
4074
4029
4087
4110
4146
4037
4090
4149
4110
4164
4095
4150
4086
4163
4077
4021
4010
4113
4138
4077
4106
4114
4105
4137
4071
4060
4185
4010
4120
4186
4120
4123
4118
4100
4035
4060
4117
3996
4072
4141
4097
4090
4116
4105
4115
4073
4151
4069
4037
4121
4145
4127
4079
4117
4073
4060
4134
4154
4133
4100
4097
4147
4052
3996
4114
4045
4056
4109
4149
4081
4089
4110
4135
4113
4105
4060
4170
4099
4110
4147
4039
4152
4047
4071
4073
4055
4059
4053
4112
4140
4199
4070
4047
4158
4073
4067
4140
4206
4122
4213
4053
4079
4155
4088
4089
4035
4010
4198
4180
4072
4108
4169
4063
4056
4119
4093
4209
4165
4102
4097
4117
4073
4081
4104
4074
4096
4136
4143
4151
4134
4035
4079
3992
4142
4041
4128
4116
4215
4023
4137
4183
4194
4146
4112
4057
4117
4060
4113
4093
4128
4068
3998
4090
4094
4076
4100
4075
4084
4174
4189
4107
4090
4183
4110
4141
4126
4045
4139
4082
4135
4042
4211
4157
4123
4054
4053
4119
4076
4105
4008
4086
4122
4084
4061
4120
4079
4012
4113
4167
4124
4078
4140
4118
4062
4096
4074
4028
4163
4072
4162
4033
4111
4151
4070
4100
4096
4082
4091
4096
4088
4079
4042
4059
4152
4031
4116
4072
4182
4101
4076
4137
4096
4139
4105
4158
4154
4132
4097
4083
4116
4147
4155
4122
4084
4174
4118
4081
4061
4057
4124
4100
4119
4047
4195
4179
4097
4145
4130
4125
4039
4173
4122
4109
4127
3999
4038
4105
4114
4087
4052
4083
4038
4140
4183
4061
4020
4151
4119
4091
4046
4144
4097
4089
4080
4047
4153
4050
4082
4114
4091
4004
4095
4106
4133
4187
4058
4086
4073
4020
4056
4150
4061
4041
4084
4093
4076
4056
4113
4123
4172
4133
4128
4077
4166
4103
4123
4035
4088
4186
4099
4212
4203
4106
4149
4141
4158
4232
4133
4075
4103
4034
4102
4114
4131
4271
4174
4149
4156
4094
4084
4105
4134
4103
4159
4081
4100
4028
4049
4234
4132
4095
4127
4097
4193
4078
4061
4100
4090
4066
4126
4111
4155
4074
4081
4195
4124
4075
4134
4178
4135
4109
4105
4096
4123
4067
4134
4035
4147
4114
4054
3996
4007
4065
4039
4139
4148
4042
4089
4071
