0.5028888888888889
0.4876666666666667
0.4968888888888889
0.49966666666666665
0.5044444444444445
0.4938888888888889
0.487
0.49855555555555553
0.49777777777777776
0.49544444444444447
0.4886666666666667
0.499
0.4988888888888889
0.5045555555555555
0.5012222222222222
0.4935555555555556
0.49755555555555553
0.5074444444444445
0.494
0.49866666666666665
0.49933333333333335
0.49722222222222223
0.4955555555555556
0.4991111111111111
0.4912222222222222
0.5004444444444445
0.49866666666666665
0.49244444444444446
0.4898888888888889
0.5008888888888889
0.5077777777777778
0.49922222222222223
0.5131111111111111
0.49966666666666665
0.49244444444444446
0.5017777777777778
0.5021111111111111
0.5082222222222222
0.5083333333333333
0.49655555555555553
0.5
0.49077777777777776
0.505
0.505
0.4971111111111111
0.495
0.4855555555555556
0.49855555555555553
0.49766666666666665
0.49855555555555553
0.5075555555555555
0.4991111111111111
0.5014444444444445
0.5072222222222222
0.5012222222222222
0.494
0.49877777777777776
0.49955555555555553
0.49877777777777776
0.5052222222222222
0.5015555555555555
0.5007777777777778
0.5005555555555555
0.48677777777777775
0.5096666666666667
0.5046666666666667
0.4945555555555556
0.49244444444444446
0.4991111111111111
0.4908888888888889
0.49044444444444446
0.4915555555555556
0.49744444444444447
0.49522222222222223
0.49533333333333335
0.505
0.5026666666666667
0.49233333333333335
0.48788888888888887
0.4981111111111111
0.5007777777777778
0.49244444444444446
0.4948888888888889
0.5031111111111111
0.5032222222222222
0.49922222222222223
0.5058888888888889
0.49977777777777777
0.5004444444444445
0.49755555555555553
0.49266666666666664
0.5036666666666667
0.506
0.5074444444444445
0.49622222222222223
0.5012222222222222
0.5027777777777778
0.49322222222222223
0.5035555555555555
0.4988888888888889
0.496
0.5
0.49644444444444447
0.4998888888888889
0.5044444444444445
0.49266666666666664
0.5043333333333333
0.49322222222222223
0.48588888888888887
0.495
0.49644444444444447
0.49177777777777776
0.4971111111111111
0.49655555555555553
0.5017777777777778
0.5058888888888889
0.5038888888888889
0.49177777777777776
0.499
0.4955555555555556
0.508
0.4941111111111111
0.501
0.5005555555555555
0.5001111111111111
0.5016666666666667
0.498
0.5014444444444445
0.5073333333333333
0.5062222222222222
0.4981111111111111
0.5057777777777778
0.48677777777777775
0.49566666666666664
0.5041111111111111
0.5057777777777778
0.4961111111111111
0.5006666666666667
0.4988888888888889
0.503
0.5011111111111111
0.5008888888888889
0.49477777777777776
0.49577777777777776
0.49377777777777776
0.4951111111111111
0.49944444444444447
0.5054444444444445
0.49977777777777777
0.5026666666666667
0.498
0.5026666666666667
0.49066666666666664
0.4988888888888889
0.49922222222222223
0.5005555555555555
0.4911111111111111
0.4881111111111111
0.4935555555555556
0.5061111111111111
0.5007777777777778
0.49533333333333335
0.5068888888888889
0.5136666666666667
0.5042222222222222
0.5082222222222222
0.5031111111111111
0.5034444444444445
0.5046666666666667
0.49044444444444446
0.5022222222222222
0.48933333333333334
0.5021111111111111
0.508
0.4931111111111111
0.49144444444444446
0.5062222222222222
0.49777777777777776
0.5056666666666667
0.49466666666666664
0.49855555555555553
0.4951111111111111
0.4948888888888889
0.49877777777777776
0.5086666666666667
0.49066666666666664
0.492
0.502
0.501
0.5004444444444445
0.5043333333333333
0.49655555555555553
0.4951111111111111
0.5025555555555555
0.49955555555555553
0.5056666666666667
0.49655555555555553
0.5011111111111111
0.5056666666666667
0.49966666666666665
0.5003333333333333
0.4991111111111111
0.5011111111111111
0.49933333333333335
0.5041111111111111
0.4991111111111111
0.49677777777777776
0.5042222222222222
0.5055555555555555
0.49766666666666665
0.4925555555555556
0.49566666666666664
0.5088888888888888
0.495
0.49966666666666665
0.5018888888888889
0.49933333333333335
0.5032222222222222
0.49877777777777776
0.49977777777777777
0.507
0.49755555555555553
0.5163333333333333
0.5003333333333333
0.5055555555555555
0.49666666666666665
0.49677777777777776
0.48977777777777776
0.4955555555555556
0.5027777777777778
0.5001111111111111
0.49666666666666665
0.5078888888888888
0.4948888888888889
0.505
0.491
0.5055555555555555
0.5014444444444445
0.4968888888888889
0.492
0.509
0.503
0.49822222222222223
0.5081111111111111
0.5017777777777778
0.5004444444444445
0.49966666666666665
0.4991111111111111
0.5101111111111111
0.5088888888888888
0.5072222222222222
0.4951111111111111
0.5011111111111111
0.5024444444444445
0.5056666666666667
0.5058888888888889
0.5026666666666667
0.4948888888888889
0.5051111111111111
0.5074444444444445
0.4922222222222222
0.5115555555555555
0.48744444444444446
0.49544444444444447
0.5038888888888889
0.494
0.5012222222222222
0.5017777777777778
0.5063333333333333
0.4918888888888889
0.49433333333333335
0.5055555555555555
0.5046666666666667
0.5028888888888889
0.4968888888888889
0.49877777777777776
0.49922222222222223
0.5002222222222222
0.49444444444444446
0.499
0.5043333333333333
0.5018888888888889
0.5006666666666667
0.5001111111111111
0.5037777777777778
0.5031111111111111
0.5006666666666667
0.49144444444444446
0.5057777777777778
0.5004444444444445
0.49577777777777776
0.5061111111111111
0.5035555555555555
0.4978888888888889
0.5041111111111111
0.5038888888888889
0.4958888888888889
0.49577777777777776
0.5
0.5105555555555555
0.5024444444444445
0.5048888888888889
0.49877777777777776
0.4981111111111111
0.49933333333333335
0.4941111111111111
0.49977777777777777
0.5081111111111111
0.49744444444444447
0.4961111111111111
0.5014444444444445
0.49744444444444447
0.4945555555555556
0.501
0.5016666666666667
0.49733333333333335
0.5002222222222222
0.5036666666666667
0.502
0.5005555555555555
0.5031111111111111
0.5073333333333333
0.49244444444444446
0.49733333333333335
0.497
0.49466666666666664
0.49577777777777776
0.49933333333333335
0.496
0.5036666666666667
0.504
0.49533333333333335
0.49766666666666665
0.4915555555555556
0.5047777777777778
0.5001111111111111
0.49633333333333335
0.5054444444444445
0.4918888888888889
0.5002222222222222
0.49433333333333335
0.5107777777777778
0.4945555555555556
0.5043333333333333
0.4928888888888889
0.49366666666666664
0.49544444444444447
0.49966666666666665
0.493
0.5028888888888889
0.5034444444444445
0.49533333333333335
0.49733333333333335
0.5
0.49677777777777776
0.502
0.49922222222222223
0.49677777777777776
0.49755555555555553
0.49944444444444447
0.5002222222222222
0.5016666666666667
0.5052222222222222
0.5005555555555555
0.5003333333333333
0.5015555555555555
0.4945555555555556
0.49866666666666665
0.49144444444444446
0.5134444444444445
0.5014444444444445
0.5012222222222222
0.5024444444444445
0.499
0.5022222222222222
0.5011111111111111
0.503
0.506
0.512
0.4958888888888889
0.5052222222222222
0.48844444444444446
0.502
0.5003333333333333
0.49533333333333335
0.49766666666666665
0.5051111111111111
0.49244444444444446
0.487
0.496
0.49655555555555553
0.5068888888888889
0.49477777777777776
0.49755555555555553
0.5072222222222222
0.49277777777777776
0.5041111111111111
0.49966666666666665
0.5075555555555555
0.5033333333333333
0.496
0.492
0.4912222222222222
0.5028888888888889
0.5025555555555555
0.5005555555555555
0.5005555555555555
0.51
0.5032222222222222
0.492
0.49944444444444447
0.49544444444444447
0.5017777777777778
0.5071111111111111
0.5076666666666667
0.5021111111111111
0.4931111111111111
0.49244444444444446
0.4895555555555556
0.4915555555555556
0.501
0.4958888888888889
0.49622222222222223
0.5067777777777778
0.502
0.49722222222222223
0.49922222222222223
0.5013333333333333
0.4991111111111111
0.5111111111111111
