4052
4123
4133
4068
4123
4221
4125
4088
4068
4176
4126
4052
3960
4175
4097
4072
4109
3982
4113
4051
4086
4195
4105
4094
4099
4050
4004
4035
4138
4149
4039
4165
4106
4059
4134
4092
4161
4121
4045
4107
4109
4070
4070
4046
4142
4211
4210
4141
4123
4101
4110
4048
4106
4095
4073
4059
4165
4207
4151
4084
4122
4099
4093
4118
4087
4111
4145
4088
4047
3978
4059
4157
4135
4063
4149
3974
4034
4018
4115
4061
4083
4112
4083
4077
4111
4079
4074
4072
4123
4008
4140
4037
4083
4067
4049
4077
4091
4135
4091
4082
4101
4135
4050
4103
3977
4083
4095
4148
4095
3993
4120
4124
4087
4129
4095
4082
4091
4128
4077
4136
4075
4178
4077
4073
4036
4113
4101
4049
4130
4063
4036
4099
4137
4141
4075
4097
4109
4103
4089
4091
4091
4077
4138
4211
4075
4048
4090
4078
4100
4038
4111
4069
4060
4064
4100
4007
4072
4121
4130
4107
4112
4045
4104
4083
4098
4088
4091
4110
4098
4115
4066
4089
4110
4082
4118
4058
4158
4199
4131
4153
4136
4058
4159
4075
4104
4147
4141
4072
4118
4102
4131
4052
4066
4091
4195
4031
4088
4121
4157
4150
4115
4106
4019
4064
4120
4038
3975
4043
4135
4058
4086
4070
4000
4035
4128
4044
4103
4070
4148
4112
4049
4090
4052
4123
4091
4131
4057
4074
4106
4222
4011
4098
4108
4055
4105
4108
4032
4092
4092
4094
4066
4107
4101
4071
4095
4120
4095
4100
4146
4147
4067
4110
3990
4073
4165
4128
4084
4079
3936
4117
4087
4094
4023
4075
4168
4138
4079
4094
3996
4132
4085
4066
4168
4043
4096
4022
4064
4129
4081
4021
4068
4055
4112
4162
4208
4067
4034
4089
4078
4043
4068
4031
3989
4131
4084
4084
4078
4218
4140
4118
4154
4084
4113
4206
4074
4122
4121
4118
4116
4160
4044
4082
4194
4160
4086
4096
4102
4074
4007
4088
4180
4152
4066
4202
4048
4170
4178
3965
4083
4066
4128
4134
3995
4188
4094
4143
4076
4003
4065
4150
4105
4097
4048
4159
4037
4133
4208
4050
4102
4135
4048
4129
4045
4076
4131
4112
4079
4036
4085
4177
4006
4072
4069
4069
4139
4147
4091
4079
4148
4175
4051
4055
4096
4190
4105
4038
4030
4118
4047
4046
4077
4043
4149
4021
4085
4129
4128
4025
4084
4052
4104
4053
4047
4064
4220
4127
4036
4152
4100
4148
4176
4171
4003
4141
4025
4023
4086
4113
4140
4140
4077
4050
4084
4072
4123
4129
4075
4059
4151
4063
4054
4039
4013
4063
4236
4091
4161
4128
4052
4082
4076
4135
4148
4133
4120
4084
4071
4176
4132
4015
4134
4116
4105
4151
4069
4123
4160
3980
4100
4019
4147
4086
4075
4154
4109
4033
4072
4091
4024
4045
4051
4055
4086
4095
4217
4163
4053
4025
4116
4073
4138
4165
4141
4121
4059
4076
4062
4093
4114
4155
4154
4066
4089
4153
4153
4051
4085
4134
4104
4076
4155
4100
4099
4051
4157
4007
3991
4079
4090
4077
