0	1	1	1	1	1	1	1	1	1	1	1	1	1	1	1	1	1	1	1	1	1	1	1	1	1	1	1	1	1	1	1	1	1	1	1	1	1	1	1	1	1	1	1	1	1	1	1	1	1	1	1	1	1	1	1	1	1	1	1	1	1	1	1	1	1	1	1	1	1	1	1	1	1	1	1	1	1	1	1	1	1	1	1	1	1	1	1	1	1	1	1	1	1	1	1	1	1	1	1	1	1	1	1	1	1	1	1	1	1	1	1	1	1	1	1	1	1	1	1	1	1	1	1	1	1	1	1
0	2	66	127	98	43	64	55	114	19	22	75	95	80	28	104	122	93	10	113	76	11	38	69	48	36	103	15	77	72	115	111	126	92	47	26	70	23	57	62	101	120	6	97	84	124	35	25	87	117	81	53	52	82	8	63	39	61	99	74	58	40	56	7	128	3	109	85	24	37	78	30	100	60	12	21	29	71	96	14	51	54	123	45	68	110	49	118	105	108	125	34	18	121	13	79	44	5	59	73	41	119	27	16	89	107	106	90	67	86	32	116	20	9	31	112	50	88	102	42	94	17	83	46	91	33	4	65
0	3	2	128	66	85	127	109	98	37	43	24	64	30	55	78	114	60	19	100	22	21	75	12	95	71	80	29	28	14	104	96	122	54	93	51	10	45	113	123	76	110	11	68	38	118	69	49	48	108	36	105	103	34	15	125	77	121	72	18	115	79	111	13	126	5	92	44	47	73	26	59	70	119	23	41	57	16	62	27	101	107	120	89	6	90	97	106	84	86	124	67	35	116	25	32	87	9	117	20	81	112	53	31	52	88	82	50	8	42	63	102	39	17	61	94	99	46	74	83	58	33	40	91	56	65	7	4
0	4	65	2	33	127	66	91	17	55	64	94	98	83	46	43	9	104	28	20	95	31	112	80	114	102	42	19	88	75	22	50	5	111	115	44	77	59	73	72	48	27	16	36	119	15	103	41	122	32	116	93	86	113	10	67	107	69	38	89	76	106	90	11	3	7	56	128	58	109	85	40	39	78	30	61	37	74	99	24	87	96	14	117	71	53	81	29	60	63	8	100	52	12	21	82	126	13	79	92	121	26	47	18	108	62	57	105	70	125	34	23	54	25	35	51	84	123	45	124	101	49	118	120	110	97	6	68
0	5	3	126	2	44	128	92	66	73	85	47	127	59	109	26	98	119	37	70	43	41	24	23	64	16	30	57	55	27	78	62	114	107	60	101	19	89	100	120	22	90	21	6	75	106	12	97	95	86	71	84	80	67	29	124	28	116	14	35	104	32	96	25	122	9	54	87	93	20	51	117	10	112	45	81	113	31	123	53	76	88	110	52	11	50	68	82	38	42	118	8	69	102	49	63	48	17	108	39	36	94	105	61	103	46	34	99	15	83	125	74	77	33	121	58	72	91	18	40	115	65	79	56	111	4	13	7
0	6	68	4	97	2	65	110	49	91	66	101	33	118	120	127	25	43	46	54	98	35	51	83	17	45	124	55	123	94	64	84	13	50	22	126	88	79	92	75	114	47	18	102	26	19	42	121	9	34	23	104	125	20	28	70	62	80	112	108	95	57	105	31	7	11	90	3	76	56	128	106	107	85	40	69	109	89	38	58	122	99	24	32	74	93	116	37	78	67	10	39	86	30	61	113	5	21	82	111	12	44	115	52	63	72	73	60	77	8	100	59	96	41	103	87	119	14	117	15	48	81	29	27	53	36	16	71
0	7	4	3	65	128	2	56	33	109	127	58	66	40	91	85	17	78	55	39	64	61	94	30	98	74	83	37	46	24	43	99	9	96	104	87	28	117	20	14	95	53	31	71	112	29	80	81	114	63	102	60	42	100	19	8	88	12	75	52	22	82	50	21	5	13	111	126	115	92	44	79	77	26	59	121	73	18	72	47	48	62	27	108	16	105	36	57	119	125	15	70	103	23	41	34	122	25	32	54	116	51	93	35	86	123	113	84	10	124	67	45	107	49	69	101	38	120	89	118	76	97	106	110	90	68	11	6
0	8	67	125	34	86	63	2	82	127	108	116	32	105	66	52	106	18	64	87	117	55	121	90	79	107	53	43	98	81	89	13	118	5	74	80	95	99	44	49	59	68	28	39	61	104	110	73	40	75	54	16	27	51	22	58	114	56	41	123	45	119	7	19	124	15	3	42	102	128	103	84	48	35	50	109	85	88	25	36	30	9	97	72	77	6	20	78	31	24	115	101	120	111	37	112	83	29	38	126	92	69	71	46	14	17	26	11	76	47	94	96	122	57	91	12	21	33	62	93	23	113	60	65	4	100	10	70
0	9	5	122	3	87	126	54	2	20	44	93	128	117	92	51	66	112	73	10	85	81	47	45	127	31	59	113	109	53	26	123	98	88	119	76	37	52	70	110	43	50	41	11	24	82	23	68	64	42	16	38	30	8	57	118	55	102	27	69	78	63	62	49	114	17	107	48	60	39	101	108	19	94	89	36	100	61	120	105	22	46	90	103	21	99	6	34	75	83	106	15	12	74	97	125	95	33	86	77	71	58	84	121	80	91	67	72	29	40	124	18	28	65	116	115	14	56	35	79	104	4	32	111	96	7	25	13
0	10	70	8	100	125	67	4	113	2	63	23	34	60	65	86	57	52	66	122	32	91	12	105	82	62	93	127	33	116	108	21	29	13	89	83	98	38	126	81	79	71	46	107	69	43	53	92	106	94	96	18	47	87	64	76	17	90	121	14	117	26	11	55	15	19	7	124	45	3	42	119	114	103	84	56	128	123	41	102	40	25	36	75	88	16	54	85	35	58	22	48	27	50	109	51	118	37	112	5	111	80	74	120	24	49	44	31	95	115	101	99	9	73	110	30	61	97	72	104	59	20	78	68	6	39	28	77
0	11	6	7	68	3	4	90	97	56	2	76	65	106	110	128	49	85	91	107	66	69	101	40	33	89	118	109	120	58	127	38	25	99	43	122	46	32	54	24	98	93	35	74	51	37	83	116	17	67	45	78	124	39	55	10	123	30	94	86	64	113	84	61	13	21	50	5	22	111	126	82	88	44	79	12	92	52	75	115	114	72	47	63	18	60	102	73	26	8	19	77	42	59	121	100	9	41	34	96	23	87	104	103	125	14	20	119	28	15	70	117	62	81	80	48	112	27	108	29	95	36	57	53	105	71	31	16
0	12	69	121	35	41	61	112	18	38	21	2	31	39	119	25	74	9	84	27	11	79	66	100	16	124	20	99	60	127	13	76	102	58	5	97	105	10	14	43	6	44	40	42	98	96	113	108	71	55	125	122	73	120	50	56	93	34	64	29	7	88	101	59	116	23	94	81	3	75	49	77	53	17	70	32	72	118	22	128	68	115	85	19	83	87	86	62	114	109	111	110	57	67	117	46	36	45	28	24	63	33	126	106	37	104	123	48	90	92	91	8	47	89	82	65	95	78	15	54	4	52	107	26	51	103	30	80
0	13	7	5	4	126	3	111	65	92	128	115	2	79	56	44	33	26	109	77	127	121	58	59	66	18	40	73	91	47	85	72	17	62	78	48	55	108	39	27	64	105	61	16	94	57	30	36	98	125	74	119	83	70	37	15	46	23	24	103	43	34	99	41	9	25	96	122	104	54	87	32	28	51	117	116	20	35	14	93	95	123	53	86	31	84	71	113	112	124	29	10	80	45	81	67	114	49	63	107	102	101	60	69	42	120	100	38	19	118	8	89	88	97	12	76	75	110	52	106	22	68	82	90	50	6	21	11
0	14	72	123	99	88	62	89	50	74	107	57	96	2	45	77	90	70	102	61	54	115	29	127	111	51	66	71	23	106	39	42	110	103	100	55	116	126	31	40	92	32	58	112	15	68	64	60	56	9	26	67	98	21	36	49	12	43	118	48	20	7	86	47	120	27	52	46	113	18	28	3	121	10	128	104	16	101	83	82	109	80	79	122	94	63	119	6	8	17	97	41	95	85	93	13	91	53	5	35	78	19	34	76	114	30	11	125	81	33	25	44	69	105	22	37	124	59	87	65	73	84	4	117	108	38	24	75
0	15	8	124	67	42	125	3	34	128	86	102	63	84	2	103	82	35	127	48	108	109	116	50	32	88	105	85	66	36	52	25	106	9	18	30	64	72	87	97	117	6	55	77	121	78	90	20	79	24	107	31	53	101	43	115	98	111	81	120	89	112	13	37	118	29	5	83	74	126	80	38	95	69	99	92	44	46	49	71	59	17	68	14	28	11	39	26	61	47	104	76	110	96	73	94	40	57	75	122	54	12	16	91	27	33	51	21	22	93	58	62	114	113	56	23	41	65	123	60	45	100	119	4	7	70	19	10
0	16	71	6	36	4	68	53	81	110	65	48	97	29	27	2	41	127	120	96	33	103	87	118	49	117	15	91	14	101	66	119	21	84	64	5	123	82	111	94	17	115	52	45	44	55	124	12	25	100	59	43	8	54	46	77	72	83	51	63	98	73	60	35	11	31	105	7	95	90	3	57	62	128	106	80	56	108	112	76	9	38	58	34	89	104	23	109	85	70	28	107	125	40	69	20	13	61	113	50	30	126	22	86	67	75	92	78	88	10	39	79	99	121	42	122	26	24	32	19	114	116	37	47	93	102	18	74
0	17	9	114	5	48	122	107	3	39	87	60	126	108	54	101	2	94	20	19	44	36	93	89	128	61	117	100	92	105	51	120	66	46	112	22	73	103	10	90	85	99	81	21	47	34	45	6	127	83	31	75	59	15	113	106	109	74	53	12	26	125	123	97	98	33	88	95	119	77	76	86	37	58	52	71	70	121	110	84	43	91	50	80	41	72	11	67	24	40	82	29	23	18	68	124	64	65	42	28	16	115	38	116	30	56	8	14	57	79	118	35	55	4	102	104	27	111	69	32	78	7	63	96	62	13	49	25
0	18	74	16	102	6	71	93	116	53	68	114	36	37	47	4	121	2	27	99	97	42	122	29	81	32	19	110	24	48	65	26	61	119	66	13	14	113	50	101	49	22	86	117	126	91	15	30	41	39	79	127	10	96	120	88	75	118	87	67	33	92	78	103	31	35	60	11	98	105	7	73	72	3	57	83	90	63	51	95	25	112	76	100	108	43	59	56	128	77	46	62	8	106	80	54	21	69	20	84	40	5	64	125	70	94	111	85	123	28	107	82	38	12	124	9	44	58	34	55	17	23	109	115	104	45	52	89
0	19	10	15	70	124	8	7	100	3	125	45	67	119	4	42	113	103	2	114	63	56	23	84	34	123	60	128	65	102	86	41	57	25	52	40	66	75	122	36	32	16	91	88	12	85	105	54	82	58	62	35	93	48	127	22	33	50	116	27	108	51	21	109	29	37	13	118	89	5	83	112	98	80	38	111	126	120	81	74	79	49	71	24	46	31	107	44	69	115	43	95	53	99	92	101	106	73	94	9	96	30	18	110	47	97	87	61	64	104	76	72	17	20	90	59	121	68	14	78	117	39	26	6	11	77	55	28
0	20	73	113	37	82	57	49	19	17	106	103	29	58	25	79	10	59	9	2	118	62	52	24	15	90	94	114	13	35	40	71	70	68	30	63	5	93	66	31	124	121	96	56	89	48	75	46	8	78	110	23	112	127	122	44	7	14	18	84	83	22	36	107	100	39	97	34	80	33	32	115	3	117	47	123	98	50	16	69	125	6	61	60	111	116	91	95	45	26	87	128	38	27	88	43	67	77	104	65	120	108	12	99	119	11	64	102	126	51	85	53	4	28	72	86	74	21	105	101	42	55	76	41	81	109	54	92
0	21	11	13	6	5	7	50	68	111	3	22	4	82	90	126	97	44	56	88	2	12	76	79	65	52	106	92	110	115	128	75	49	72	85	114	91	63	107	47	66	60	69	18	101	73	40	102	33	8	89	26	118	77	109	19	120	59	58	42	127	100	38	121	25	41	99	9	43	96	122	34	46	87	32	23	54	103	24	104	98	14	93	125	35	119	74	20	51	15	37	28	83	117	116	70	17	81	67	62	45	48	78	80	124	27	39	112	55	29	10	108	123	36	30	95	94	53	86	57	64	71	113	105	84	16	61	31
0	22	76	115	101	47	58	8	51	125	24	96	94	31	67	27	26	120	63	40	75	2	111	11	112	17	16	86	34	54	14	37	78	29	123	105	32	41	83	20	38	77	66	114	56	52	6	126	119	116	9	46	71	30	108	45	82	7	92	97	72	69	19	127	104	43	15	93	62	124	53	61	79	110	21	3	42	33	73	107	84	57	39	81	98	28	122	103	91	102	89	59	68	13	128	12	60	85	121	118	5	90	88	65	36	113	80	55	117	74	23	25	106	44	4	50	109	100	49	18	99	87	35	70	10	48	64	95
0	23	12	116	69	81	121	94	35	75	41	3	61	77	112	49	18	17	38	53	21	32	2	70	31	118	39	72	119	128	25	22	74	115	9	68	84	19	27	85	11	87	79	83	66	62	100	86	16	109	124	114	20	110	99	111	60	67	127	57	13	46	76	117	102	45	58	36	5	24	97	28	105	33	10	63	14	106	43	126	6	104	44	37	40	48	42	123	98	92	96	90	113	8	108	91	71	89	55	47	125	65	122	82	73	78	120	95	50	54	56	15	93	52	34	4	64	26	29	107	7	103	88	51	101	80	59	30
0	24	75	14	38	123	72	108	84	89	62	73	99	4	117	88	105	77	45	69	96	22	37	2	50	87	65	74	59	57	107	124	53	42	39	91	23	5	35	106	111	34	76	51	19	71	66	78	90	25	44	70	33	61	102	81	30	127	29	114	54	11	125	115	27	47	86	120	20	52	46	7	12	28	3	43	18	48	118	113	56	83	82	9	101	67	26	16	10	49	36	121	98	128	104	21	110	93	13	103	85	55	100	95	17	40	31	8	116	97	41	126	80	60	64	109	15	79	122	68	92	119	6	32	63	112	58	94
0	25	13	9	7	122	5	96	4	54	126	104	3	32	111	87	65	51	92	28	128	116	115	117	2	35	79	20	56	93	44	14	33	123	26	95	109	86	77	53	127	84	121	31	58	113	59	71	66	124	18	112	40	10	73	29	91	45	47	80	85	67	72	81	17	49	62	114	78	107	48	63	55	101	108	102	39	69	27	60	64	120	105	42	61	38	16	100	94	118	57	19	30	89	36	8	98	97	125	88	74	76	119	12	83	110	70	75	37	106	15	52	46	68	23	22	24	90	103	82	43	6	34	50	99	11	41	21
0	26	78	119	104	84	60	106	115	40	105	46	93	81	118	50	58	111	83	108	53	122	88	49	47	2	41	30	124	28	90	100	94	34	56	72	42	68	117	10	27	37	126	127	107	12	25	95	24	16	66	92	21	89	80	35	125	17	77	7	110	102	113	87	112	51	82	38	91	79	99	36	86	96	97	114	59	3	70	55	14	67	19	6	128	73	64	23	54	31	69	52	13	33	48	74	75	101	71	32	98	62	109	5	11	8	45	20	103	61	18	65	63	76	9	123	39	15	4	121	120	22	116	29	57	43	44	85
0	27	14	120	72	46	123	52	99	18	88	113	62	3	89	28	50	10	74	121	107	104	57	128	96	101	2	16	45	82	77	83	90	80	70	109	102	122	61	79	54	63	115	94	29	6	127	119	111	17	51	8	66	41	71	97	23	85	106	95	39	13	42	93	110	53	103	91	100	35	55	5	116	19	126	78	31	76	40	34	92	30	32	114	58	125	112	11	15	33	68	81	64	44	60	25	56	105	9	69	26	37	67	22	98	59	21	124	36	65	49	87	12	84	43	73	118	117	48	4	20	38	7	108	86	75	47	24
0	28	77	10	39	8	70	6	20	4	67	59	100	78	68	125	73	86	65	9	34	110	30	60	113	72	104	2	97	23	63	61	37	21	108	118	33	112	5	116	82	74	120	62	80	127	93	111	57	101	99	52	115	122	66	95	49	105	12	24	32	44	31	91	19	55	11	15	117	7	124	26	17	42	119	90	3	14	121	45	106	41	102	94	123	18	96	128	103	76	64	114	47	84	56	87	29	109	51	13	50	83	89	27	58	81	126	35	98	22	48	38	25	92	53	40	69	36	75	43	79	54	85	71	16	107	46	88
0	29	15	118	8	83	124	5	67	126	42	74	125	38	3	80	34	69	128	95	86	92	102	99	63	46	84	44	2	71	103	49	82	17	35	59	127	14	48	68	108	11	109	28	116	26	50	39	32	47	88	61	105	76	85	104	66	96	36	110	52	94	25	73	106	57	9	40	18	122	30	75	64	12	72	54	87	91	97	16	117	33	6	27	55	21	77	51	121	93	78	22	90	62	20	58	79	113	24	114	107	23	31	56	53	65	101	41	43	60	115	123	98	100	111	45	81	4	120	119	89	70	112	7	13	10	37	19
0	30	80	12	103	121	69	51	52	112	61	4	35	107	26	41	89	25	119	47	31	82	65	39	18	15	54	38	78	2	21	95	45	76	13	36	60	28	24	127	16	126	106	124	33	99	20	63	74	91	8	9	92	27	84	90	104	100	66	37	11	123	48	79	23	59	101	116	7	94	81	88	93	49	77	34	75	29	64	3	71	22	128	55	118	122	125	72	17	56	50	53	73	70	32	120	102	117	46	58	67	97	5	57	109	43	14	114	105	111	110	10	115	108	113	68	98	85	19	96	6	86	62	44	87	42	40	83
0	31	16	11	71	7	6	105	36	90	4	95	68	57	53	3	81	128	110	62	65	80	48	106	97	108	29	56	27	76	2	112	41	38	127	9	120	34	96	58	33	104	103	89	87	109	118	23	49	70	117	85	15	107	91	28	14	40	101	125	66	20	119	69	21	61	84	13	64	50	5	113	123	126	82	30	111	86	94	22	17	75	115	67	52	78	45	92	44	10	55	88	124	79	12	39	25	121	100	99	59	122	43	42	8	24	54	26	46	19	77	32	72	116	83	114	51	47	63	37	98	102	73	93	60	74	35	18
0	32	79	117	40	45	59	95	83	76	23	21	30	120	48	102	42	36	101	78	12	70	11	46	80	73	123	58	87	13	116	2	86	127	81	18	51	56	104	5	69	17	100	57	6	24	88	15	103	50	37	97	62	60	94	38	44	28	7	54	121	53	66	67	108	63	64	89	41	22	74	110	26	71	91	10	115	20	3	25	35	128	9	111	113	33	29	47	68	99	75	119	107	55	8	105	52	125	90	43	19	16	49	39	96	126	93	65	112	72	84	109	85	124	77	31	4	122	92	14	61	118	27	114	98	106	34	82
0	33	17	98	9	95	114	88	5	77	48	119	122	86	107	76	3	58	39	37	87	71	60	52	126	121	108	70	54	84	101	110	2	91	94	43	20	80	19	50	44	72	36	41	93	67	89	11	128	40	61	24	117	29	100	82	92	18	105	23	51	124	120	68	66	65	46	64	112	28	22	42	73	115	103	16	10	116	90	38	85	56	99	30	81	14	21	8	47	79	34	57	45	35	6	118	127	4	83	55	31	104	75	102	59	111	15	27	113	32	106	69	109	7	74	78	53	96	12	63	26	13	125	62	123	25	97	49
0	34	82	32	106	117	79	98	118	95	59	61	40	27	114	45	124	102	48	85	30	77	31	120	83	92	14	76	122	21	23	4	125	2	116	52	87	90	43	13	80	49	39	73	16	58	123	19	42	84	109	36	72	78	101	112	126	46	11	96	12	93	65	70	63	67	66	108	121	64	89	53	44	74	110	28	22	54	7	41	103	3	25	50	20	97	37	115	71	38	94	26	62	91	10	60	86	8	105	127	55	18	81	107	99	5	104	68	51	75	119	56	128	15	88	35	6	9	111	24	69	29	47	17	33	57	100	113
0	35	18	31	74	11	16	60	102	105	6	98	71	73	93	7	116	3	53	72	68	83	114	57	36	63	37	90	47	95	4	51	121	112	2	25	27	100	99	76	97	43	42	108	122	56	29	59	81	77	32	128	19	62	110	46	24	106	48	8	65	54	26	80	61	69	119	21	66	84	13	20	14	5	113	40	50	125	101	64	49	94	22	70	86	85	117	111	126	28	91	123	15	82	30	107	41	12	39	38	79	9	127	124	10	58	96	44	120	55	88	34	75	23	118	17	87	115	67	109	33	45	92	104	78	89	103	52
0	36	81	97	41	33	49	14	21	123	17	44	25	8	72	98	11	95	62	56	9	89	85	125	13	30	67	88	99	26	114	93	6	53	48	2	96	118	91	119	5	94	45	12	43	77	63	35	7	57	80	76	34	109	107	20	50	86	78	79	122	19	47	74	68	71	27	65	87	120	66	15	111	64	124	52	46	59	60	51	3	105	112	106	23	58	69	28	22	113	39	92	32	42	18	37	4	16	29	110	103	127	101	117	82	84	55	115	54	100	73	83	90	31	108	128	104	38	40	70	126	61	10	75	24	121	102	116
0	37	19	29	10	118	15	13	70	5	124	89	8	112	7	83	100	80	3	98	125	111	45	38	67	120	119	126	4	74	42	81	113	49	103	79	2	24	114	71	63	31	56	46	23	44	84	107	34	115	123	69	60	95	128	43	65	99	102	53	86	101	41	92	57	73	25	106	52	9	40	94	66	30	75	96	122	110	36	18	32	97	16	47	91	61	88	87	12	104	85	64	105	72	54	76	82	20	58	17	62	59	35	90	93	68	48	121	127	78	22	14	33	39	50	117	116	6	27	26	108	77	51	11	21	28	109	55
0	38	84	99	105	96	50	59	53	23	111	19	90	33	30	54	27	20	12	18	56	101	10	98	110	85	17	116	80	15	92	63	14	108	73	88	69	2	74	124	91	106	51	78	70	81	114	115	120	7	43	113	9	16	121	21	103	95	8	126	109	68	32	94	72	75	117	62	37	45	107	65	35	39	66	76	102	44	125	29	46	86	118	3	26	82	104	36	100	13	41	31	122	64	58	6	123	24	4	89	22	77	57	87	5	42	71	34	61	25	11	127	52	47	48	28	67	83	128	49	55	93	97	40	79	60	112	119
0	39	20	100	73	34	113	97	37	33	82	80	57	115	49	32	19	117	17	3	106	123	103	47	29	50	58	98	25	69	79	16	10	6	59	125	9	60	2	61	118	116	62	111	52	95	24	91	15	26	90	45	94	128	114	87	13	27	35	38	40	43	71	88	70	77	68	67	30	65	63	104	5	108	93	120	66	99	31	12	124	11	121	119	96	102	56	64	89	51	48	126	75	53	46	85	8	28	78	4	110	86	23	72	112	21	127	74	122	101	44	105	7	55	14	42	18	41	84	76	83	109	22	81	36	92	107	54
0	40	83	30	42	12	80	87	86	51	69	6	103	62	44	121	108	41	26	115	35	113	68	107	52	19	96	112	85	4	61	98	117	95	21	102	78	46	58	2	18	5	57	15	97	38	54	67	89	110	10	25	111	47	119	105	43	39	65	109	31	14	114	82	59	79	48	23	11	101	116	123	104	81	88	100	94	37	66	7	74	64	3	91	29	9	8	75	49	90	84	93	92	77	34	27	45	32	120	76	70	36	13	73	56	127	24	17	60	50	53	28	22	63	20	71	33	128	55	99	16	125	72	126	122	124	106	118
0	41	21	25	11	9	13	99	6	96	5	43	7	34	50	122	68	87	111	46	3	23	22	32	4	103	82	54	90	104	126	24	97	14	44	98	56	125	88	93	2	119	12	35	76	20	79	74	65	15	52	51	106	28	92	37	110	117	115	83	128	70	75	116	49	81	72	17	85	62	114	67	91	48	63	45	107	80	47	78	66	27	60	124	69	112	18	39	101	29	73	55	40	108	102	10	33	36	8	123	89	95	26	30	118	53	77	94	109	57	19	86	120	71	59	64	58	105	42	113	127	16	100	84	38	31	121	61
0	42	86	103	108	35	52	85	117	78	18	97	89	111	43	31	59	11	104	94	74	29	49	92	45	70	56	60	22	33	16	122	30	87	6	121	115	107	112	98	102	2	15	67	25	105	109	82	23	123	100	7	91	75	93	27	76	73	17	28	71	99	126	118	80	83	44	69	68	26	61	96	58	21	54	57	119	10	114	65	116	48	66	88	8	3	34	84	13	120	53	24	55	20	106	72	12	40	62	51	113	41	4	19	46	95	38	5	47	110	14	39	101	79	37	81	9	64	77	90	36	32	50	127	128	63	124	125
0	43	22	104	76	93	115	15	101	124	47	62	58	61	8	53	51	110	125	79	24	3	96	21	94	33	31	42	67	107	27	73	26	57	120	84	63	81	40	39	75	28	2	98	111	103	11	122	112	102	17	91	16	59	86	89	34	13	54	68	14	12	37	128	78	85	29	60	123	118	105	121	32	90	41	5	83	65	20	88	38	113	77	36	66	55	114	80	56	74	52	117	6	25	126	23	119	44	116	106	9	50	46	4	71	100	30	109	108	18	45	49	82	87	7	99	92	70	97	35	72	48	69	10	19	95	127	64
0	44	85	26	43	119	78	57	22	106	60	120	104	116	29	84	76	50	118	63	93	9	123	81	115	4	121	40	15	46	105	39	101	100	90	75	124	71	32	28	47	109	5	2	62	30	41	98	58	18	65	111	61	108	83	103	8	49	88	11	53	45	20	122	51	87	113	112	110	82	38	102	125	99	36	17	79	7	77	91	24	70	55	16	3	92	66	59	96	35	80	86	21	97	114	89	94	48	74	34	33	72	56	13	31	10	117	54	42	69	52	68	67	95	25	14	107	19	6	12	27	64	23	37	73	127	126	128
0	45	23	102	12	36	116	58	69	24	81	5	121	28	94	97	35	33	75	105	41	63	3	10	61	106	77	14	112	126	49	43	18	104	17	6	38	37	53	44	21	48	32	40	2	123	70	42	31	92	118	98	39	90	72	96	119	8	128	113	25	91	22	108	74	89	115	71	9	47	68	55	84	65	19	125	27	82	85	122	11	78	87	73	79	95	83	120	66	54	62	50	100	15	86	56	16	52	109	93	124	4	114	34	20	26	110	64	99	107	111	29	60	103	67	7	127	51	57	88	13	80	46	101	76	30	117	59
0	46	88	28	107	10	77	16	54	6	70	79	39	85	71	8	92	125	68	25	100	53	40	78	20	75	43	4	36	59	67	69	109	61	63	29	97	51	13	23	113	89	27	72	83	2	104	50	73	48	38	86	22	9	65	98	81	60	30	58	34	126	35	110	55	91	31	19	32	11	15	44	49	124	26	105	7	24	12	117	57	121	45	101	14	52	99	3	42	95	66	17	115	119	90	122	37	56	87	21	84	118	108	47	76	116	5	103	33	64	114	112	41	111	93	106	80	102	94	127	82	96	128	74	18	62	120	123
0	47	24	27	75	120	14	86	38	52	123	20	72	7	108	46	84	28	89	12	62	43	73	3	99	48	4	18	117	113	88	118	105	83	77	56	45	9	69	82	96	67	22	101	37	16	2	26	50	49	87	10	65	121	74	36	59	128	57	98	107	21	124	104	53	93	42	110	39	103	91	13	23	55	5	85	35	95	106	100	111	40	34	17	76	8	51	31	19	97	71	116	66	126	78	41	90	60	25	80	44	109	70	64	33	79	61	15	102	68	81	122	30	119	127	92	29	32	114	6	54	112	11	63	125	94	115	58
0	48	87	101	44	94	51	100	85	34	112	90	26	74	113	75	43	72	82	124	119	33	110	71	78	13	102	32	57	56	38	28	22	10	99	47	106	31	125	109	60	54	17	5	120	117	36	2	104	69	7	62	116	42	79	30	29	68	91	41	84	52	77	98	76	95	70	58	50	67	24	18	118	14	16	65	63	25	55	111	93	19	92	61	9	107	3	108	123	12	59	83	81	6	66	103	115	64	35	8	4	27	96	49	121	37	86	88	40	23	80	11	15	127	97	53	46	73	21	45	105	128	89	20	39	126	114	122
0	49	25	17	13	114	9	62	7	107	122	78	5	63	96	48	4	101	54	55	126	102	104	108	3	69	32	39	111	60	87	27	65	120	51	64	92	42	28	105	128	38	116	61	115	100	117	16	2	118	35	94	79	19	20	57	56	89	93	30	44	8	14	36	33	97	123	98	26	88	95	125	109	76	86	74	77	12	53	119	127	110	84	83	121	75	31	70	58	106	113	37	59	52	71	15	66	68	124	46	18	22	112	23	40	90	10	24	73	82	29	103	91	6	45	43	47	50	80	34	85	11	67	99	72	21	81	41
0	50	90	111	110	92	56	12	120	121	109	8	91	114	69	73	123	57	61	71	55	112	67	48	46	104	122	41	35	125	37	117	62	45	29	39	31	64	36	86	28	83	119	93	34	25	87	24	88	2	115	106	126	68	21	7	18	101	63	85	19	33	59	38	96	99	23	54	15	116	20	98	16	113	95	94	81	78	108	124	77	89	42	127	60	40	47	49	82	3	13	6	44	76	75	65	107	72	66	102	58	100	118	26	128	52	97	79	11	5	4	22	74	14	51	70	32	103	43	9	10	27	17	80	30	53	84	105
0	51	26	112	78	38	119	82	104	79	84	91	60	36	106	99	115	96	40	86	105	114	46	97	93	3	81	59	118	55	50	70	58	67	111	14	83	6	108	19	53	73	122	128	88	23	49	64	47	31	2	54	41	52	30	69	124	33	28	13	90	74	100	48	94	101	34	75	56	32	72	71	42	62	68	98	117	5	10	109	27	8	37	11	126	20	127	45	107	61	12	103	25	65	95	18	24	76	16	63	66	123	92	9	21	15	89	39	80	121	35	4	125	22	17	120	77	29	7	116	110	43	102	57	113	85	87	44
0	52	89	18	45	16	74	104	23	93	71	17	102	109	115	6	12	4	47	38	36	124	9	37	116	34	55	53	58	114	68	44	69	26	65	21	24	20	84	48	81	64	125	32	5	110	19	40	121	107	82	2	28	99	27	123	94	29	122	70	97	111	85	42	35	103	78	31	33	60	11	92	75	7	73	118	105	67	87	98	41	51	95	39	63	127	79	90	3	88	120	72	10	57	83	96	61	80	54	119	106	13	66	8	77	101	50	128	14	46	62	113	112	30	15	25	126	76	100	91	49	59	56	22	43	117	86	108
0	53	27	110	14	91	120	103	72	35	46	100	123	5	52	55	99	19	18	116	88	78	113	126	62	76	3	31	89	34	28	40	50	30	10	92	74	114	121	32	107	125	104	58	57	11	128	112	96	33	101	15	2	81	16	68	45	44	82	64	77	25	83	60	90	105	80	56	70	69	109	9	102	37	122	26	61	22	79	67	54	59	63	98	115	124	94	21	29	65	6	36	127	87	119	49	111	84	17	12	51	73	8	43	66	117	41	118	71	4	97	48	23	38	85	20	106	108	95	7	39	75	13	86	42	24	93	47
0	54	92	20	109	113	73	81	55	49	57	42	37	76	41	82	28	79	25	4	29	72	86	58	19	105	101	17	21	103	106	74	77	71	40	67	13	104	65	35	15	12	99	90	108	114	94	120	10	85	53	59	51	2	9	126	11	24	52	119	118	64	102	62	39	107	36	100	83	97	34	22	7	32	115	14	33	84	18	80	8	16	69	78	50	23	110	98	117	44	122	3	112	47	123	127	70	88	43	68	27	63	30	38	26	31	66	45	5	87	128	93	6	46	75	125	89	61	60	48	124	91	95	121	116	56	96	111
0	55	28	19	77	15	10	11	39	7	8	117	70	26	6	124	20	42	4	17	67	90	59	119	100	14	78	3	68	45	125	121	73	41	86	106	65	94	9	102	34	18	110	123	30	128	60	96	113	76	72	103	104	114	2	64	97	84	23	47	63	87	61	56	37	109	21	29	108	13	118	51	33	83	112	50	5	27	116	89	82	81	74	58	120	35	62	126	80	22	127	98	93	38	111	48	57	92	101	25	99	40	52	53	115	36	122	69	66	43	95	75	49	54	105	79	12	71	24	85	32	107	44	16	31	88	91	46
0	56	91	109	46	37	55	61	88	21	19	63	28	87	31	29	107	118	11	97	10	84	32	51	77	47	44	13	16	108	15	23	54	116	124	113	6	76	49	89	70	103	105	27	79	5	26	72	39	64	24	83	85	33	7	2	71	112	117	104	8	114	12	50	92	111	121	73	125	41	57	48	68	106	101	38	25	93	45	86	100	102	52	22	53	80	14	9	40	127	3	65	78	94	99	98	20	96	95	81	75	82	42	60	43	74	17	30	4	128	66	58	36	62	119	34	59	18	115	126	67	123	122	35	69	120	90	110
0	57	29	106	15	40	118	9	8	122	83	18	124	75	5	30	67	12	126	64	42	54	74	72	125	91	38	87	3	16	80	97	34	33	69	117	128	27	95	6	86	21	92	55	102	51	99	77	63	93	46	121	84	22	44	78	2	62	71	90	103	58	49	20	82	113	17	79	35	114	59	24	127	23	14	107	48	56	68	31	108	65	11	53	109	41	28	101	116	60	26	43	50	123	39	115	32	100	47	98	88	45	61	111	105	4	76	81	85	119	104	120	66	70	96	89	36	7	110	112	52	10	94	13	25	19	73	37
0	58	94	24	112	14	75	63	119	108	72	92	38	6	32	123	60	88	117	80	99	64	109	4	84	122	68	89	79	73	62	15	93	124	107	110	59	13	103	57	50	100	95	87	55	74	65	85	105	41	126	77	97	69	45	116	40	2	37	17	96	31	8	22	47	115	125	27	54	86	120	11	30	46	7	127	52	114	29	20	90	118	113	25	48	70	44	18	28	81	102	12	33	3	43	61	53	104	21	42	128	91	39	98	49	106	35	10	23	36	121	5	83	78	66	56	19	82	9	71	111	26	16	34	67	51	76	101
0	59	30	23	80	116	12	101	103	94	121	7	69	88	51	81	52	49	112	93	61	34	4	77	35	29	107	75	26	3	41	64	89	22	25	71	119	55	47	128	31	122	82	118	65	72	39	125	18	56	15	17	54	53	38	50	78	70	2	73	21	120	95	32	45	117	76	102	13	58	36	46	60	97	28	67	24	57	127	5	16	43	126	109	106	114	124	14	33	111	99	105	20	10	63	110	74	108	91	115	8	68	9	113	92	85	27	98	84	96	90	19	104	86	100	6	66	44	37	62	11	42	123	87	48	83	79	40
0	60	93	105	47	90	53	83	24	80	110	77	27	25	42	56	75	109	103	45	120	44	39	9	14	64	13	69	86	70	91	82	38	79	55	96	52	33	23	67	123	15	85	22	20	61	5	101	72	68	95	37	7	102	35	16	108	122	100	2	46	81	106	26	84	119	40	50	28	30	111	49	89	92	17	87	12	127	34	10	62	32	8	65	43	29	76	121	73	6	31	74	3	114	51	36	99	112	97	59	48	54	19	128	4	63	116	57	18	11	71	98	117	94	126	107	113	125	66	21	88	58	41	124	118	115	78	104
0	61	31	21	16	13	11	84	71	50	7	64	6	113	105	5	36	126	90	123	4	30	95	82	68	86	57	111	53	22	3	94	81	75	128	17	110	67	62	115	65	78	80	52	48	92	106	45	97	10	108	44	29	88	56	55	27	79	76	124	2	39	112	12	41	121	38	25	127	99	9	100	120	122	34	59	96	42	58	43	33	24	104	8	103	26	89	54	87	19	109	46	118	32	23	77	49	116	70	72	117	114	85	83	15	47	107	51	91	37	28	63	14	102	40	98	101	93	125	73	66	74	20	60	119	18	69	35
0	62	96	107	111	39	54	102	56	36	20	118	92	64	116	100	91	34	81	11	73	24	124	22	109	119	95	97	121	83	113	52	46	18	82	10	41	85	6	80	37	59	75	84	125	33	76	53	55	126	60	32	48	7	49	9	61	115	42	51	57	2	89	14	88	123	74	77	106	71	70	127	21	67	43	47	68	112	103	40	19	35	30	44	38	117	105	65	63	122	17	13	101	104	27	3	28	120	128	16	93	8	79	94	87	69	4	108	25	114	5	78	31	110	58	15	86	12	26	98	29	90	66	23	45	50	72	99
0	63	32	108	79	89	117	64	40	22	45	41	59	110	95	74	83	71	76	26	23	10	21	91	30	20	120	115	48	25	102	3	42	128	36	35	101	111	78	9	12	33	70	113	11	47	46	29	80	99	73	68	123	119	58	75	87	55	13	107	116	105	2	8	86	125	127	52	81	43	18	90	51	16	56	19	104	39	5	49	69	126	17	96	100	65	57	93	6	72	24	112	88	109	15	84	103	124	50	85	37	31	97	77	62	122	60	4	94	14	38	92	44	118	28	61	7	114	54	27	121	106	53	98	66	82	67	34
0	64	95	22	48	115	76	10	87	8	58	99	101	35	70	47	44	27	67	106	94	4	50	31	51	49	18	125	100	96	24	109	85	37	14	60	34	121	118	54	112	88	65	17	90	86	16	5	26	23	25	120	74	40	63	117	113	11	111	36	75	80	55	2	43	127	19	104	72	15	93	69	82	53	61	7	124	97	92	62	119	73	107	116	33	46	9	42	110	45	108	79	71	21	3	30	78	128	12	29	13	105	123	68	102	20	83	91	32	89	59	41	57	126	6	84	56	39	81	52	38	122	103	77	28	114	66	98
0	65	33	66	17	64	98	46	9	28	95	112	114	42	88	22	5	115	77	73	48	16	119	103	122	116	86	10	107	38	76	90	3	56	58	85	39	30	37	99	87	14	71	81	60	8	52	21	126	79	121	47	108	57	70	34	54	35	84	45	101	118	110	6	2	4	91	127	94	55	43	83	20	104	80	31	19	102	50	75	44	111	72	59	36	27	41	15	93	32	67	113	89	69	11	106	128	7	40	109	61	78	24	74	117	96	29	53	100	63	82	12	92	13	18	26	105	62	23	125	51	25	124	123	120	49	68	97
0	66	98	64	114	22	95	28	122	10	76	38	48	103	77	115	126	47	70	57	101	6	84	35	87	81	52	8	39	99	58	56	128	109	24	78	100	12	29	96	51	123	68	49	105	125	18	13	44	59	41	27	89	106	67	32	20	31	50	102	94	83	91	4	127	2	55	43	75	19	104	80	113	93	69	11	15	36	111	72	26	92	62	23	97	120	25	124	53	117	63	82	74	61	7	40	85	3	30	37	21	60	14	71	45	54	118	110	34	108	79	121	73	5	16	119	90	107	116	86	112	9	42	88	46	17	65	33
0	67	34	63	82	108	32	66	106	64	117	121	79	53	98	89	118	74	95	44	59	28	61	110	40	54	27	22	114	41	45	7	124	3	102	103	48	50	85	25	30	97	77	20	31	115	120	37	83	38	92	71	14	26	76	94	122	91	21	62	23	60	4	10	125	8	2	86	116	127	52	105	87	18	90	55	43	107	13	81	80	5	49	99	39	68	73	104	16	75	58	51	123	56	19	119	42	15	84	128	109	35	36	88	72	9	78	6	101	24	112	111	126	29	46	69	11	17	96	47	12	57	93	33	65	113	70	100
0	68	97	65	49	66	33	120	25	46	98	51	17	124	123	64	13	22	88	92	114	18	26	42	9	23	125	28	62	112	95	105	7	90	76	128	107	40	109	38	122	24	74	116	78	10	86	61	5	82	12	115	63	73	77	100	96	103	119	117	48	29	53	16	4	6	110	2	101	91	127	118	54	43	83	35	55	45	84	94	126	50	75	79	102	47	121	19	104	34	70	20	108	80	31	57	3	11	106	56	69	85	58	89	32	99	37	93	39	67	113	30	111	21	52	44	60	72	59	8	87	41	15	14	27	81	71	36
0	69	35	61	18	21	31	119	74	84	11	66	16	20	60	13	102	5	105	14	6	40	98	113	71	125	73	50	93	64	7	101	116	94	3	49	53	70	72	22	68	85	83	86	114	111	57	117	36	28	63	126	37	123	90	91	47	82	95	15	4	107	51	30	121	12	112	41	2	38	25	39	27	9	100	79	99	124	76	127	97	58	43	10	42	44	108	96	122	55	56	120	29	34	59	88	81	23	77	75	32	17	128	118	19	115	62	87	110	109	46	67	24	45	106	33	48	104	8	92	65	89	54	78	26	52	80	103
0	70	100	67	113	63	34	65	57	66	32	12	82	93	33	108	29	89	98	126	79	46	69	53	106	96	47	64	17	121	117	11	15	7	45	42	114	84	128	41	40	36	88	54	35	22	27	109	118	112	111	74	24	44	95	101	9	110	61	72	59	78	6	28	8	10	4	125	23	2	86	60	122	52	105	91	127	62	21	116	83	13	81	38	107	71	92	43	18	94	76	87	14	90	55	26	124	19	119	3	56	103	102	123	75	25	85	16	48	58	51	50	5	37	120	80	31	49	99	115	30	73	104	97	68	20	77	39
0	71	36	68	81	65	97	27	41	120	33	87	49	15	14	66	21	64	123	111	17	52	44	124	25	59	8	46	72	51	98	60	11	105	95	3	62	106	56	112	9	58	89	23	85	28	125	69	13	113	30	22	67	92	88	39	99	42	26	32	114	37	93	18	6	16	53	4	48	110	2	29	96	127	118	103	91	117	119	101	5	84	94	82	45	115	12	55	43	100	77	54	63	83	35	73	7	31	57	90	80	128	76	108	34	38	109	104	107	70	20	40	50	61	86	126	78	75	79	10	122	121	19	24	47	116	74	102
0	72	99	62	50	107	96	45	90	102	54	29	111	66	23	39	110	100	116	31	92	58	15	64	56	26	98	36	12	118	20	86	120	52	113	28	121	128	16	83	109	79	94	119	8	97	95	93	91	5	78	34	114	11	81	25	69	22	124	87	73	4	108	24	123	14	89	88	57	74	77	2	61	70	127	115	71	51	42	106	55	103	40	126	112	32	60	68	67	9	49	21	48	43	47	7	46	27	3	18	104	10	82	101	122	80	6	63	41	17	13	85	35	53	76	19	125	30	44	33	37	105	65	59	117	84	75	38
0	73	37	57	19	106	29	25	10	9	118	52	15	94	13	40	70	30	5	66	124	96	89	75	8	110	112	122	7	18	83	36	100	97	80	32	3	47	98	16	125	61	111	91	45	87	38	88	67	104	120	12	119	64	126	85	4	72	74	105	42	76	81	54	113	20	49	82	103	17	79	58	2	59	24	62	114	90	71	35	63	68	31	93	56	121	46	48	23	78	44	127	84	14	107	22	34	39	115	33	123	117	69	50	60	6	95	116	128	26	43	27	65	77	99	108	102	11	53	51	86	28	101	21	41	55	92	109
0	74	102	71	116	68	36	47	121	27	97	122	81	19	24	65	61	66	14	50	49	86	126	15	41	79	10	120	75	87	33	78	31	60	98	7	72	57	90	51	25	76	108	59	128	46	8	80	21	20	40	64	70	111	123	107	38	124	44	34	17	109	104	52	16	18	93	6	114	53	4	37	99	2	29	42	110	32	26	48	13	119	101	113	117	22	30	91	127	39	88	96	67	118	103	92	11	35	73	105	83	3	95	63	100	112	56	43	62	77	54	106	84	69	125	5	85	94	82	28	9	12	55	58	115	23	89	45
0	75	38	72	84	62	99	117	105	45	96	37	50	65	59	107	53	39	23	35	111	76	19	66	90	44	33	102	30	29	54	125	27	86	20	46	12	3	18	118	56	82	101	26	10	36	98	104	110	13	85	100	17	31	116	41	80	64	15	122	92	6	63	58	14	24	108	123	73	89	88	4	69	77	2	22	74	87	124	57	91	42	106	5	51	34	78	71	70	25	81	61	114	127	115	11	120	47	7	52	43	28	113	48	9	83	16	67	121	49	21	128	103	93	95	55	8	40	126	97	109	60	68	79	32	119	94	112
0	76	101	58	51	24	94	67	26	63	75	111	112	16	34	14	78	123	32	83	38	66	56	6	119	9	71	108	82	92	72	19	104	15	62	53	79	21	42	73	84	39	98	122	91	89	68	128	60	121	5	88	36	80	117	23	106	4	109	49	99	35	10	64	115	22	8	47	96	125	27	31	40	120	11	2	86	17	37	54	105	29	20	41	114	77	126	52	46	116	45	30	97	7	127	69	93	43	61	124	3	110	107	33	81	57	103	28	59	102	12	13	118	85	65	90	55	113	25	74	50	44	18	100	70	87	95	48
0	77	39	70	20	67	100	68	73	65	34	30	113	104	97	63	37	108	33	5	82	120	80	93	57	99	115	66	49	12	32	31	19	11	117	124	17	119	3	121	106	102	123	96	103	64	47	56	29	51	50	89	58	126	98	48	25	53	69	75	79	85	16	46	10	28	6	8	59	4	125	78	9	86	60	110	2	72	61	23	118	21	116	112	62	74	111	127	52	101	95	122	24	105	91	44	15	55	26	7	90	42	45	14	94	41	128	18	114	76	87	84	13	109	27	83	35	81	38	22	40	92	43	36	71	54	88	107
0	78	104	60	115	105	93	118	58	83	53	88	47	41	124	90	94	56	42	117	27	126	107	25	24	66	21	80	125	77	110	113	112	82	91	99	86	97	59	70	14	19	128	64	54	69	13	48	75	71	98	109	11	45	103	18	63	9	39	4	120	116	57	44	119	26	106	84	46	40	50	81	108	111	49	122	30	2	100	28	72	34	10	68	127	37	95	12	92	16	35	89	7	17	87	102	38	51	36	79	114	96	55	3	6	67	23	73	52	31	74	33	32	101	5	62	20	8	65	61	123	76	121	15	29	22	85	43
0	79	40	59	83	23	30	48	42	101	12	11	80	123	87	116	86	81	51	104	69	100	6	88	103	37	62	94	44	7	121	66	108	64	41	74	26	91	115	3	35	9	113	29	68	75	107	8	52	90	19	49	96	93	112	84	85	77	4	92	61	27	98	34	117	32	95	45	21	76	102	120	78	36	46	70	58	73	2	13	18	127	5	56	57	17	15	24	97	50	38	60	54	28	67	53	89	63	110	22	10	71	25	20	111	128	47	33	119	99	105	55	43	125	39	16	65	126	109	72	31	124	14	122	114	118	82	106
0	80	103	69	52	61	35	26	89	119	31	65	18	54	78	21	45	13	60	24	16	106	33	20	74	8	92	84	104	66	11	48	23	101	7	81	93	77	75	64	71	128	118	125	17	50	73	32	102	46	67	5	109	14	105	110	115	113	98	19	6	62	87	40	12	30	51	121	4	112	41	107	47	25	39	82	38	15	95	2	36	76	127	28	124	126	63	99	9	91	90	27	37	100	79	123	116	59	88	94	34	49	3	29	55	22	72	122	53	56	120	70	58	117	57	97	114	43	10	111	68	108	96	85	44	86	83	42
0	81	41	49	21	17	25	72	11	62	9	85	13	67	99	114	6	48	96	91	5	45	43	63	7	80	34	107	50	78	122	47	68	27	87	66	111	124	46	60	3	112	23	69	22	39	32	18	4	29	103	101	82	55	54	73	90	108	104	40	126	10	24	102	97	36	14	33	44	123	98	8	56	95	125	89	88	30	93	26	2	53	119	118	12	94	35	77	76	57	20	109	79	86	74	19	65	71	15	120	52	64	51	59	106	105	28	58	92	113	37	42	110	16	117	127	115	84	83	100	128	31	70	38	75	61	116	121
0	82	106	79	118	59	40	114	124	48	30	31	83	14	122	23	125	116	87	43	80	39	16	123	42	109	72	101	126	11	12	65	63	66	121	89	44	110	22	7	103	25	20	37	71	94	62	10	86	105	55	81	99	104	51	119	128	88	6	111	69	47	33	100	32	34	98	117	61	95	45	27	85	102	120	77	76	92	4	21	52	2	13	90	73	49	19	58	36	84	112	78	96	46	70	93	108	67	53	64	28	74	41	54	50	3	115	97	26	38	60	91	127	8	107	18	68	5	56	75	35	15	24	9	17	29	113	57
0	83	42	80	86	69	103	44	108	26	35	68	52	96	85	61	117	21	78	58	18	57	97	54	89	10	111	119	43	65	31	114	59	48	11	116	104	88	94	66	74	3	29	8	49	84	92	34	45	120	70	13	56	24	60	53	22	20	33	55	16	72	122	106	30	40	87	12	6	51	121	62	115	41	107	113	112	19	98	4	102	95	2	46	15	5	67	38	25	110	105	47	109	39	82	14	23	79	123	101	100	81	7	37	91	64	75	9	93	90	27	77	76	32	73	36	17	127	28	50	71	63	99	128	126	125	118	124
0	84	105	50	53	111	90	30	27	12	56	10	110	17	80	92	14	73	69	74	91	51	70	114	120	43	9	121	103	8	109	32	72	117	37	107	35	66	102	125	46	118	26	104	100	41	122	58	123	4	22	57	5	71	61	11	52	48	67	128	55	97	79	112	99	38	59	96	19	23	54	33	18	20	98	101	116	85	63	15	88	108	124	2	78	106	115	81	113	7	21	16	126	95	94	68	62	75	65	45	76	39	29	44	3	86	36	82	31	13	6	64	89	24	87	77	34	42	127	25	28	47	49	83	40	93	119	60
0	85	43	78	22	60	104	29	76	118	93	123	115	121	15	105	101	90	124	32	47	5	62	41	58	65	61	83	8	88	53	20	51	113	110	38	125	36	79	77	24	55	3	66	96	80	21	114	94	74	33	56	31	117	42	52	67	25	107	6	27	23	73	126	26	44	57	119	120	106	84	116	63	50	81	9	40	4	39	46	75	100	28	71	2	109	98	30	111	18	103	108	11	49	122	45	112	87	102	82	17	99	91	7	16	70	59	92	86	35	89	97	34	48	13	72	54	10	68	69	14	95	12	19	37	64	128	127
0	86	108	52	117	18	89	43	59	104	74	49	45	56	22	16	30	6	115	112	102	15	25	109	23	100	91	93	76	17	71	126	80	44	68	61	58	54	119	114	116	66	8	34	13	53	55	106	12	62	113	4	46	38	47	14	101	37	9	77	36	50	128	124	103	42	85	35	97	78	31	111	94	11	92	29	60	70	122	33	121	87	98	107	67	2	82	105	7	123	27	75	28	73	118	99	69	83	96	26	57	21	65	10	88	48	84	3	24	120	72	20	51	40	19	41	5	95	39	110	81	79	90	64	127	32	125	63
0	87	44	51	85	112	26	113	43	82	119	110	78	102	57	38	22	99	106	125	60	17	120	36	104	7	116	79	29	91	84	77	76	70	50	24	118	16	63	55	93	92	9	3	123	59	81	66	115	35	4	96	121	86	40	80	15	97	46	21	105	89	39	114	101	48	100	94	90	34	75	74	124	72	71	33	32	13	28	56	47	10	109	31	5	54	2	117	62	69	30	42	41	68	98	52	58	95	18	67	65	14	111	25	61	19	108	107	83	12	103	6	8	64	49	27	88	37	11	23	53	127	45	73	20	128	122	126
0	88	107	77	54	70	39	71	92	68	100	40	20	43	36	67	109	63	97	13	113	27	83	104	73	38	22	65	81	30	34	35	55	31	32	15	49	26	7	12	57	45	14	99	42	66	115	90	37	87	84	108	76	5	33	114	41	93	80	94	82	128	18	120	28	46	16	10	79	6	8	85	25	125	78	53	4	75	69	59	29	61	23	51	72	89	50	2	86	48	98	9	58	60	110	126	19	91	44	11	105	124	117	24	101	121	3	52	17	95	122	119	21	56	47	118	103	116	112	64	106	111	127	102	74	96	123	62
0	89	45	74	23	71	102	115	12	47	36	9	116	55	58	68	69	65	24	84	81	125	5	19	121	82	28	27	94	122	97	85	35	78	33	11	75	73	105	87	41	95	63	79	3	120	10	83	61	54	106	66	77	50	14	62	112	15	126	100	49	56	43	86	18	52	104	16	17	93	6	109	38	4	37	124	53	34	44	114	21	26	48	20	32	64	40	110	2	107	123	99	70	29	42	111	31	103	92	60	118	7	98	67	39	51	90	127	72	88	96	57	119	80	8	13	128	101	113	46	25	30	91	76	22	59	108	117
0	90	110	56	120	109	91	69	123	61	55	67	46	122	35	37	62	29	31	36	28	119	34	87	88	115	126	21	18	63	19	59	96	23	15	20	16	95	81	108	77	42	60	47	82	13	44	75	107	66	58	118	128	97	11	4	74	51	32	43	10	17	30	84	111	50	12	92	8	121	73	114	71	57	48	112	41	104	117	125	39	45	86	64	93	83	24	25	106	2	7	68	85	101	38	33	54	99	98	116	94	113	124	78	127	89	49	40	6	3	65	76	102	72	26	100	79	52	22	5	70	14	9	103	80	27	105	53
0	91	46	55	88	19	28	31	107	11	10	32	77	44	16	15	54	124	6	49	70	105	79	26	39	24	85	7	71	117	8	12	92	121	125	57	68	101	25	45	100	52	53	14	40	3	78	99	20	95	75	42	43	17	4	66	36	119	59	115	67	122	69	90	109	56	61	37	63	21	29	87	97	118	51	84	13	47	23	108	113	116	89	76	27	103	72	5	83	64	2	33	104	112	50	114	73	111	48	41	38	106	86	93	22	102	9	80	65	127	98	94	81	96	60	82	30	74	58	128	34	62	126	18	35	123	110	120
0	92	109	73	55	57	37	41	28	25	29	86	19	101	21	106	77	40	13	65	15	99	108	94	10	53	51	9	11	52	118	102	39	36	83	34	7	115	33	18	8	69	50	110	117	122	112	123	70	43	27	30	26	66	5	128	6	75	89	60	124	95	116	96	20	54	81	113	42	49	82	76	4	79	58	72	17	105	74	103	67	71	35	104	90	12	120	114	59	85	126	2	119	24	62	64	100	107	22	97	14	32	80	84	78	16	98	23	3	44	127	47	68	88	38	63	45	31	93	87	125	46	48	61	121	91	111	56
0	93	47	53	24	110	27	42	75	103	120	39	14	13	86	91	38	55	52	23	123	85	20	5	72	95	7	35	108	100	46	106	84	40	28	111	89	17	12	34	62	8	43	76	73	31	3	51	99	97	48	19	4	116	18	71	117	126	113	66	88	41	118	78	105	60	83	90	77	80	56	25	45	109	9	44	69	64	82	70	96	79	67	33	22	15	101	61	37	68	16	102	2	122	26	81	50	119	49	30	87	92	10	127	65	32	121	29	74	6	36	114	59	112	128	54	57	63	98	11	107	94	21	125	124	58	104	115
0	94	112	75	119	72	38	32	60	117	99	109	84	68	79	62	93	107	59	103	50	95	55	65	105	126	97	45	40	37	96	8	47	125	54	120	30	7	52	29	90	113	48	44	28	102	33	43	53	21	128	39	49	35	23	121	83	66	19	9	111	16	67	76	24	58	63	14	92	108	123	6	80	88	4	64	89	122	15	73	110	124	57	13	87	100	85	74	77	41	116	69	17	2	22	31	27	115	11	86	127	46	20	114	25	118	18	70	12	81	61	3	42	104	98	91	10	106	5	36	56	78	71	82	34	26	101	51
0	95	48	76	87	58	101	70	44	67	94	50	51	18	100	24	85	14	34	118	112	65	90	16	26	25	74	63	113	111	75	55	43	19	72	93	82	61	124	92	119	107	33	9	110	108	71	3	78	12	13	123	102	83	32	59	57	6	56	81	38	103	28	66	22	64	10	115	99	8	47	35	106	27	31	4	125	49	109	96	60	37	54	121	17	88	5	86	120	23	117	40	36	11	2	80	104	127	69	15	7	53	62	97	116	73	42	46	79	45	30	21	29	128	68	105	91	20	41	89	84	126	52	39	77	122	98	114
0	96	111	54	56	20	92	116	91	81	73	124	109	95	121	113	46	82	41	6	37	75	125	76	55	60	48	49	61	42	57	89	88	74	106	70	21	43	68	103	19	30	38	105	63	17	101	27	28	128	93	79	87	4	25	5	31	58	86	26	29	66	45	72	107	62	102	39	118	36	100	64	11	34	22	24	97	119	52	83	10	18	80	85	84	59	53	33	32	126	9	7	51	115	14	2	77	123	127	71	47	67	40	112	44	35	65	117	13	122	3	104	16	120	94	8	108	69	78	114	15	110	98	12	23	90	99	50
0	97	49	33	25	98	17	123	13	88	114	26	9	125	62	95	7	76	107	109	122	74	78	86	5	12	63	77	96	119	48	53	4	110	101	127	54	83	55	84	126	75	102	121	104	70	108	31	3	106	69	58	32	37	39	113	111	52	60	59	87	15	27	71	65	68	120	66	51	46	64	124	92	22	42	18	28	23	105	112	128	90	38	40	116	24	61	10	115	82	100	73	117	103	16	29	2	6	118	91	35	43	94	45	79	50	19	47	20	34	57	80	56	11	89	85	93	99	30	67	44	21	8	72	14	41	36	81
0	98	114	95	122	76	48	77	126	70	101	84	87	52	39	58	128	24	100	29	51	68	105	18	44	41	89	67	20	50	94	91	127	55	75	104	113	69	15	111	26	62	97	25	53	63	74	7	85	30	21	14	45	118	34	79	73	16	90	116	112	42	46	65	64	66	28	22	38	10	115	103	57	47	35	6	8	81	56	99	78	109	96	12	49	123	13	125	27	59	32	106	102	31	4	83	43	2	80	19	11	93	72	36	23	92	124	120	82	117	40	61	37	3	71	60	110	54	121	108	119	5	86	107	88	9	33	17
0	99	50	96	90	54	111	23	110	116	92	15	56	98	12	20	120	113	121	16	109	94	8	95	91	78	114	81	69	124	73	108	123	89	57	77	61	127	71	42	55	40	112	60	67	49	48	47	46	3	104	82	122	6	41	13	35	76	125	44	37	65	117	75	62	72	45	107	29	102	39	66	31	100	64	58	36	26	86	118	28	52	83	128	119	79	93	97	34	5	25	11	87	22	24	4	88	14	2	74	115	70	106	51	126	103	68	32	21	9	7	43	18	27	101	10	63	80	85	17	19	53	33	30	59	105	38	84
0	100	113	34	57	32	82	33	29	98	79	69	106	47	17	117	15	45	114	128	40	88	35	27	118	111	24	95	9	61	59	6	8	4	23	86	122	105	127	21	83	81	107	92	18	76	14	55	124	119	56	102	75	85	48	51	5	120	31	99	30	104	68	77	67	70	65	63	12	66	108	93	126	89	53	46	64	96	11	121	42	7	41	84	54	36	109	22	74	112	101	44	72	110	28	78	125	10	60	2	91	52	116	62	38	13	43	71	87	94	26	90	3	19	123	103	16	25	50	58	80	37	115	49	97	73	39	20
0	101	51	94	26	75	112	34	78	32	38	56	119	71	82	72	104	62	79	42	84	98	91	68	60	5	36	117	106	109	99	10	115	8	96	27	40	11	86	37	105	20	114	126	46	45	97	127	93	61	3	107	81	103	59	12	118	65	55	25	50	18	70	95	58	76	67	24	111	63	14	16	83	123	6	66	108	9	19	92	53	15	73	21	122	39	128	89	88	121	23	80	49	4	64	35	47	22	31	125	2	120	54	17	41	29	52	77	30	116	69	7	124	43	33	110	28	57	13	102	90	85	74	113	100	44	48	87
0	102	116	36	121	97	81	24	61	14	49	126	41	10	75	33	31	98	72	90	25	108	128	8	21	40	70	123	38	44	17	104	16	93	114	4	99	29	110	26	13	101	117	30	127	88	67	103	11	73	83	95	100	56	62	54	84	125	85	82	9	55	115	89	71	74	47	68	122	27	65	19	50	66	15	86	120	79	78	87	7	60	51	57	59	76	80	46	64	20	107	111	34	124	52	109	6	18	37	53	42	2	48	32	113	119	91	22	96	39	92	118	105	35	63	3	43	112	106	77	5	69	28	94	58	12	45	23
0	103	52	35	89	31	18	78	45	60	16	33	74	92	104	11	23	7	93	75	71	118	17	73	102	67	109	105	115	98	6	87	12	51	4	41	47	39	38	95	36	127	124	63	9	90	37	79	116	88	34	3	55	72	53	120	58	57	114	10	68	96	44	83	69	80	26	61	65	119	21	54	24	13	20	106	84	8	48	66	81	101	64	77	125	128	32	50	5	46	110	14	19	113	40	62	121	30	107	112	82	25	2	15	28	76	99	126	27	91	123	100	94	59	29	49	122	22	70	56	97	117	111	43	85	108	42	86
0	104	115	93	58	53	47	124	94	42	27	107	24	21	125	110	112	91	86	59	14	128	54	13	75	98	11	103	63	39	120	57	119	106	46	50	108	49	30	100	72	10	127	95	92	35	7	87	38	36	114	55	6	23	52	74	32	5	20	65	123	121	29	85	60	78	118	105	88	83	90	41	117	56	25	126	80	66	113	77	99	82	70	97	64	19	48	69	109	71	18	45	4	9	44	116	84	26	81	40	122	111	28	2	68	34	12	37	89	16	102	17	79	51	3	96	73	67	33	31	62	101	61	8	15	76	43	22
0	105	53	90	27	56	110	80	14	69	91	70	120	9	103	109	72	37	35	102	46	26	100	122	123	22	5	61	52	67	55	79	99	59	19	54	18	98	116	63	88	124	78	115	113	21	126	94	62	65	76	29	3	36	31	6	89	87	34	127	28	49	40	119	50	84	30	111	10	12	92	17	74	73	114	51	121	43	32	8	107	117	125	66	104	118	58	41	57	4	11	71	128	48	112	97	96	38	33	23	101	20	15	85	2	108	81	106	16	7	68	95	45	75	44	39	82	86	64	13	77	24	25	42	83	47	60	93
0	106	118	40	124	30	83	122	125	87	80	16	42	72	126	12	63	121	44	22	103	20	71	62	86	55	99	51	128	6	69	33	32	98	61	45	85	120	76	4	52	13	73	19	36	112	96	70	108	53	28	41	50	115	26	60	127	107	68	56	35	24	17	113	79	82	114	59	31	48	23	14	43	116	123	39	101	109	65	11	89	66	7	110	37	25	10	94	81	105	119	104	111	88	100	47	117	34	27	95	77	102	21	92	90	2	58	49	78	84	93	46	64	67	54	74	97	3	91	38	18	8	75	5	9	15	57	29
0	107	54	39	92	100	20	36	109	97	113	83	73	22	81	34	55	32	49	7	57	14	42	115	37	84	76	33	41	80	82	18	28	16	79	8	25	78	4	69	29	23	72	50	86	98	58	110	19	44	105	117	101	3	17	122	21	47	103	112	106	127	74	123	77	88	71	70	40	68	67	43	13	63	104	27	65	38	35	30	15	31	12	26	99	45	90	66	108	87	114	5	94	93	120	128	10	46	85	6	53	125	59	75	51	61	2	89	9	48	126	60	11	91	24	124	52	121	119	95	118	56	64	116	102	111	62	96
0	108	117	89	59	74	45	22	30	115	102	25	23	91	76	71	80	68	58	119	116	8	13	55	12	113	46	47	101	9	36	128	103	85	97	31	94	92	60	122	121	98	67	82	7	27	28	118	69	96	57	65	88	84	24	72	51	19	5	39	81	90	127	125	52	86	43	18	49	104	16	56	112	6	109	15	93	100	126	17	61	44	114	54	34	66	106	53	4	62	14	38	77	37	124	50	35	42	111	78	29	11	33	70	107	87	105	2	75	123	99	73	26	83	10	21	3	48	20	120	41	40	110	95	64	79	63	32
0	109	55	37	28	29	19	21	77	13	15	108	10	51	11	118	39	83	7	33	8	50	117	112	70	27	26	5	6	89	124	116	20	81	42	82	4	58	17	74	67	35	90	120	59	126	119	62	100	22	14	80	78	98	3	127	68	38	45	93	125	48	121	111	73	92	41	57	86	25	106	101	65	40	94	99	9	53	102	52	34	36	18	115	110	69	123	122	30	43	128	66	60	75	96	95	113	54	76	49	72	79	103	105	104	71	114	12	2	85	64	24	97	107	84	32	23	16	47	44	63	88	87	31	61	46	56	91
0	110	120	91	123	55	46	35	62	31	28	34	88	126	18	19	96	15	16	81	77	60	82	44	107	58	128	11	74	32	10	30	111	12	8	73	71	48	41	117	39	86	93	24	106	7	85	38	54	98	94	124	127	49	6	65	102	26	79	22	70	9	80	105	56	90	69	109	67	61	37	122	36	29	87	119	21	115	59	63	20	23	108	95	47	42	75	13	118	66	4	97	43	51	84	17	92	50	114	121	112	57	125	104	64	45	25	83	68	2	33	101	116	99	78	113	40	89	76	3	100	72	5	52	103	14	53	27
0	111	56	92	91	73	109	121	46	41	37	125	55	48	61	57	88	106	21	68	19	38	63	101	28	93	87	25	31	86	29	45	107	102	118	100	11	22	97	52	10	80	84	53	32	9	51	14	77	127	47	40	44	65	13	3	16	94	108	78	15	98	23	99	54	96	116	20	124	81	113	95	6	82	76	75	49	60	89	42	70	74	103	43	105	30	27	17	79	128	5	4	26	58	72	66	39	62	64	36	24	34	83	119	85	18	33	59	7	126	2	115	71	123	112	67	117	35	104	122	8	120	114	69	12	110	50	90
0	112	119	38	60	99	84	79	93	59	50	55	105	97	40	96	47	54	30	52	90	48	28	33	53	128	49	23	83	19	111	67	24	63	92	123	80	4	89	15	110	57	87	85	77	116	17	22	27	11	127	20	25	18	12	61	42	98	10	5	56	71	34	101	75	94	32	72	109	117	62	68	103	107	65	95	45	126	8	37	120	125	29	7	44	113	43	102	39	21	121	35	9	66	76	16	14	58	6	108	64	88	73	122	13	124	74	100	69	41	31	2	86	115	114	46	70	118	3	81	91	104	36	106	82	78	51	26
0	113	57	82	29	79	106	17	15	114	40	35	118	24	9	59	8	23	122	127	83	107	18	14	124	56	75	48	5	31	30	68	67	65	12	108	126	53	64	11	42	41	54	109	74	101	72	28	125	60	91	116	38	43	87	26	3	123	16	50	80	115	97	39	34	100	33	32	69	98	117	47	128	45	27	88	95	111	6	61	86	4	21	105	92	81	55	76	102	119	51	85	99	120	77	104	63	70	93	66	46	89	121	96	84	7	22	36	44	112	78	110	2	10	62	52	71	13	90	94	103	19	58	25	49	37	20	73
0	114	122	48	126	101	87	39	128	100	51	105	44	89	20	94	127	75	113	15	26	97	53	74	85	21	45	34	73	90	112	46	64	28	38	115	57	35	8	56	78	96	49	13	27	32	102	4	43	80	11	72	23	124	82	40	37	71	110	121	119	86	88	33	95	98	77	76	84	70	58	52	29	24	18	68	67	41	91	50	104	55	111	69	25	62	7	63	14	30	79	118	116	16	65	42	22	66	103	10	6	47	99	81	12	109	125	123	106	59	83	31	19	2	36	93	120	92	61	117	60	3	108	54	107	5	17	9
0	115	58	47	94	27	24	125	112	86	14	54	75	11	63	120	119	46	108	30	72	127	92	7	38	114	6	52	32	20	123	29	60	118	88	90	117	25	80	113	99	70	64	48	109	18	4	44	84	81	122	28	68	12	89	102	79	3	73	33	62	61	15	43	93	104	124	53	107	42	110	21	59	91	13	128	103	98	57	39	50	106	100	49	95	10	87	35	55	36	74	23	65	5	85	121	105	78	41	83	126	56	77	66	97	82	69	19	45	71	116	9	40	26	2	111	37	34	17	16	96	51	31	67	8	101	22	76
0	116	121	81	61	49	41	75	31	72	25	128	21	70	38	17	16	114	99	110	13	117	127	67	11	83	100	62	84	85	9	115	71	47	122	65	50	15	120	78	7	51	59	80	64	107	34	52	6	37	42	48	113	91	96	92	105	63	43	106	5	28	58	45	36	102	24	97	126	14	33	10	90	98	8	108	123	40	104	44	4	93	26	29	30	101	103	88	95	73	54	56	82	125	89	55	68	74	19	27	86	66	87	79	57	60	46	76	111	20	109	124	53	18	32	2	22	119	118	39	3	35	77	112	94	69	23	12
0	117	59	45	30	102	23	76	80	58	116	13	12	46	101	36	103	97	94	60	121	67	7	28	69	57	88	24	51	5	81	127	52	43	49	16	112	109	93	126	61	114	34	106	4	14	77	124	35	111	29	33	107	105	75	99	26	10	3	20	41	110	64	63	89	108	22	74	25	115	71	91	119	68	55	8	47	113	128	9	31	85	122	92	82	98	118	27	65	96	72	84	39	19	125	90	18	86	56	104	15	6	17	100	54	44	53	66	38	62	50	37	78	42	70	11	2	87	73	123	21	83	120	48	95	40	32	79
0	118	124	83	125	80	42	126	63	44	103	71	86	99	128	69	32	61	85	76	52	73	36	96	108	28	50	26	127	68	35	17	79	114	31	23	43	123	101	65	89	7	37	10	81	119	111	100	117	27	77	21	90	58	78	93	64	54	97	91	18	75	9	57	40	106	122	30	16	87	12	72	22	121	62	20	51	55	33	6	45	98	4	120	19	13	70	112	41	53	60	115	56	107	113	24	59	82	14	48	39	116	11	109	110	66	94	25	104	105	47	88	95	34	92	102	49	2	46	84	74	67	38	3	5	8	29	15
0	119	60	84	93	50	105	40	47	30	90	28	53	49	83	111	24	92	80	89	110	87	77	17	27	127	25	12	42	10	56	34	75	32	109	62	103	65	45	8	120	29	44	43	39	121	9	76	14	6	64	73	13	74	69	31	86	114	70	3	91	36	82	51	38	112	79	99	55	59	96	97	52	54	33	48	23	128	67	19	123	63	15	4	85	57	22	116	20	11	61	18	5	98	101	71	72	94	68	117	95	107	37	126	7	125	102	113	35	21	16	66	108	58	122	88	100	124	2	41	46	115	81	118	106	104	26	78
0	120	123	46	62	28	88	18	96	16	77	82	107	128	74	10	111	8	71	41	39	93	106	85	54	94	127	6	102	79	70	80	56	69	67	37	36	87	21	59	20	108	47	75	118	4	43	84	92	114	112	125	64	25	68	33	116	78	40	76	100	5	103	53	91	110	35	55	34	31	19	126	81	15	44	60	11	58	30	32	73	12	117	48	24	86	38	7	124	98	65	49	22	26	105	9	109	90	122	61	119	29	63	115	95	23	13	42	97	66	17	51	121	50	104	57	83	45	101	2	113	99	3	89	52	72	27	14
0	121	61	41	31	25	21	38	16	99	13	127	11	100	84	9	71	122	50	120	7	59	64	34	6	42	113	96	105	43	5	58	36	24	126	33	90	8	123	104	4	26	30	103	95	54	82	89	68	19	86	87	57	46	111	109	53	32	22	118	3	77	94	23	81	116	75	49	128	72	17	70	110	114	67	117	62	83	115	85	65	47	78	15	80	51	52	107	48	37	92	91	106	63	45	28	97	102	10	14	108	98	44	40	29	93	88	101	56	73	55	125	27	74	79	66	76	60	124	20	2	18	39	119	112	35	12	69
0	122	126	87	128	51	44	20	127	113	26	53	85	45	73	112	64	38	57	8	78	49	27	102	43	11	23	82	37	110	119	88	95	77	84	58	29	18	67	91	104	111	25	7	14	79	116	65	22	103	6	99	12	125	106	83	19	36	120	61	60	108	107	17	48	114	39	101	105	100	94	89	15	75	74	97	34	21	46	90	115	28	56	35	13	96	4	32	72	80	40	124	121	71	33	86	76	98	52	70	68	24	50	41	69	55	63	62	118	30	42	16	10	66	81	47	123	109	31	59	93	2	117	92	54	3	9	5
0	123	62	88	96	77	107	74	111	71	39	106	54	127	102	70	56	67	36	21	20	47	118	43	92	112	64	68	116	40	100	103	91	35	34	19	81	44	11	30	73	117	24	38	124	65	22	105	109	122	119	63	95	13	97	17	121	104	83	101	113	3	52	27	46	120	18	28	82	16	10	128	41	8	85	93	6	94	80	79	37	69	59	87	75	108	84	4	125	114	33	25	76	78	53	5	55	110	126	31	60	15	32	58	48	12	7	86	49	98	9	26	61	90	115	29	42	23	51	66	57	50	2	45	89	99	14	72
0	124	125	42	63	103	86	128	32	85	52	36	108	50	127	35	79	31	43	101	89	37	81	111	117	77	90	78	64	97	18	9	40	122	16	12	22	62	51	33	45	4	19	70	41	60	56	113	59	14	39	11	110	94	104	47	95	92	49	46	74	38	5	29	83	118	126	80	71	44	69	99	76	61	96	73	26	28	17	68	23	114	65	123	10	7	100	119	21	27	93	58	91	54	57	75	30	106	72	87	20	121	6	55	120	98	112	13	115	53	24	107	48	82	109	116	25	66	88	105	102	34	84	2	3	67	15	8
0	125	63	86	32	52	108	127	79	43	89	81	117	90	64	18	40	16	22	51	45	19	41	56	59	39	110	104	95	49	74	5	83	126	71	69	76	96	26	17	23	65	10	100	21	93	91	57	30	72	20	6	120	112	115	24	48	109	25	88	102	84	3	15	42	124	128	103	36	85	35	50	101	31	111	37	78	77	9	97	12	122	33	62	70	4	113	60	11	14	47	94	46	92	29	38	80	118	99	44	73	61	68	28	123	114	119	7	58	27	75	54	87	106	55	121	13	98	107	53	116	82	105	66	2	34	8	67
0	126	128	44	127	26	85	73	64	57	78	27	43	23	37	119	95	84	29	67	104	25	14	116	22	6	12	106	19	120	60	107	48	39	105	94	15	74	34	46	115	56	13	4	72	40	121	33	76	52	68	50	69	63	118	42	10	81	123	31	93	117	54	9	87	122	20	51	53	113	112	45	8	38	102	49	82	11	88	110	58	77	91	18	7	111	65	79	99	103	83	125	61	36	17	108	101	114	89	100	97	75	90	21	35	28	32	96	124	80	86	71	70	98	41	24	62	55	16	30	47	66	59	109	92	2	5	3
0	127	64	43	95	104	22	19	48	15	115	72	76	69	10	93	87	53	8	82	58	7	99	61	101	97	35	124	70	62	47	92	44	73	27	119	67	116	106	107	94	46	4	33	50	42	31	9	51	45	49	110	18	79	125	108	100	21	96	71	24	30	109	3	85	128	37	78	14	29	60	12	34	105	121	13	118	68	54	123	112	20	88	102	65	91	17	83	90	89	86	32	16	41	5	59	26	126	23	57	25	84	120	6	74	39	40	56	63	52	117	81	113	122	11	38	111	77	36	103	75	114	80	28	55	98	2	66
0	128	127	85	64	78	43	37	95	29	104	14	22	12	19	60	48	105	15	34	115	13	72	121	76	68	69	118	10	123	93	54	87	20	53	112	8	102	82	88	58	91	7	65	99	83	61	17	101	89	97	90	35	32	124	86	70	41	62	16	47	59	92	5	44	126	73	26	27	57	119	23	67	84	116	25	106	6	107	120	94	39	46	74	4	56	33	40	50	52	42	63	31	81	9	117	51	122	45	113	49	38	110	11	18	77	79	111	125	103	108	36	100	114	21	75	96	28	71	80	24	98	30	55	109	66	3	2
